4314 0 4473
4313 4473 3543
4312 8016 4514
4311 12530 7501
4310 20031 5384
4309 25415 7854
4308 33269 7631
4307 40900 5753
4306 46653 4808
4305 51461 3347
4304 54808 6830
4303 61638 3237
4302 64875 229
4298 65104 7178
4297 72282 3504
4295 75786 10387
4293 86173 13177
4290 99350 5039
4289 104389 5078
4286 109467 5812
4284 115279 15847
4282 131126 7176
4281 138302 57130
4275 195432 7172
4274 202604 5358
4273 207962 5526
4271 213488 3072
4269 216560 15691
4267 232251 16354
4266 248605 7758
4265 256363 6946
4264 263309 9243
4263 272552 4837
4262 277389 2571
4256 279960 15257
4254 295217 11813
4252 307030 10350
4248 317380 5156
4247 322536 5609
4244 328145 15799
4242 343944 22813
4240 366757 7641
4239 374398 10106
4238 384504 5753
4237 390257 3377
4236 393634 2757
4235 396391 8073
4233 404464 16915
4232 421379 5737
4231 427116 4748
4230 431864 5470
4229 437334 3945
4228 441279 4317
4227 445596 4819
4226 450415 6037
4225 456452 3302
4224 459754 4323
4223 464077 5718
4215 469795 6585
4213 476380 3312
4211 479692 14992
4210 494684 17250
4207 511934 5298
4206 517232 5658
4203 522890 16876
4202 539766 8314
4201 548080 7557
4198 555637 3553
4196 559190 10684
4195 569874 5828
4194 575702 6175
4189 581877 15842
4187 597719 4254
4181 601973 9152
4175 611125 5351
4170 616476 15863
4168 632339 17578
4152 649917 3671
4151 653588 5277
4148 658865 7102
4145 665967 5913
4143 671880 15776
4141 687656 24703
4139 712359 7588
4138 719947 10054
4136 730001 3847
4134 733848 3426
4131 737274 5084
4130 742358 5076
4129 747434 7435
4128 754869 3628
4126 758497 4744
4125 763241 7693
4124 770934 3876
4123 774810 6226
4122 781036 5887
4115 786923 6871
4113 793794 16429
4108 810223 5270
4107 815493 5610
4104 821103 9217
4103 830320 15773
4100 846093 17207
4098 863300 7440
4097 870740 10147
4095 880887 3664
4090 884551 3193
4085 887744 8964
4080 896708 5222
4079 901930 5628
4076 907558 15774
4074 923332 17704
4069 941036 3643
4059 944679 11928
4058 956607 9201
4054 965808 5261
4053 971069 5593
4051 976662 23806
4049 1000468 7571
4046 1008039 3658
4044 1011697 3406
4042 1015103 15785
4029 1030888 6895
4026 1037783 6884
4024 1044667 16396
4022 1061063 9403
4019 1070466 5326
4018 1075792 5651
4013 1081443 17217
4012 1098660 8415
4011 1107075 7524
4010 1114599 10059
4009 1124658 5326
4008 1129984 3817
4002 1133801 11852
3997 1145653 5262
3996 1150915 5552
3994 1156467 5535
3991 1162002 15705
3989 1177707 16979
3988 1194686 8567
3987 1203253 7569
3985 1210822 5332
3984 1216154 3700
3979 1219854 5048
3977 1224902 14232
3976 1239134 13927
3974 1253061 11908
3972 1264969 15081
3969 1280050 3619
3968 1283669 2974
3967 1286643 3513
3965 1290156 3520
3964 1293676 5233
3963 1298909 5534
3960 1304443 15697
3958 1320140 24892
3957 1345032 8424
3956 1353456 7488
3955 1360944 10489
3954 1371433 5443
3953 1376876 3784
3951 1380660 3177
3948 1383837 4544
3947 1388381 5041
3946 1393422 8224
3945 1401646 4237
3944 1405883 6907
3943 1412790 5026
3942 1417816 6335
3941 1424151 3936
3940 1428087 6609
3939 1434696 5318
3937 1440014 11863
3933 1451877 6928
3930 1458805 5372
3929 1464177 5507
3926 1469684 7093
3923 1476777 6484
3922 1483261 7656
3921 1490917 8898
3920 1499815 5394
3919 1505209 10363
3918 1515572 55715
3914 1571287 28285
3911 1599572 1735
3910 1601307 318
3909 1601625 282
3906 1601907 14062
3904 1615969 329
3903 1616298 309
3900 1616607 93885
3898 1710492 42229
3897 1752721 17173
3896 1769894 12226
3895 1782120 16868
3893 1798988 3707
3887 1802695 30003
3882 1832698 13206
3881 1845904 14122
3878 1860026 94236
3876 1954262 63854
3872 2018116 12981
3871 2031097 4106
3869 2035203 2859
3867 2038062 4508
3866 2042570 3428
3865 2045998 5535
3864 2051533 3809
3863 2055342 6573
3862 2061915 4080
3861 2065995 4298
3860 2070293 3455
3859 2073748 5564
3858 2079312 4192
3857 2083504 22041
3855 2105545 30123
3853 2135668 362
3852 2136030 25069
3850 2161099 13729
3845 2174828 13313
3844 2188141 14034
3842 2202175 8342
3841 2210517 6067
3840 2216584 2476
3839 2219060 9428
3838 2228488 7815
3837 2236303 10944
3836 2247247 15051
3835 2262298 2276
3834 2264574 2393
3833 2266967 33598
3831 2300565 3909
3828 2304474 12332
3826 2316806 15787
3824 2332593 43486
3819 2376079 4110
3814 2380189 1168
3813 2381357 2088
3812 2383445 1697
3811 2385142 1795
3810 2386937 2125
3809 2389062 2003
3808 2391065 7699
3807 2398764 1422
3806 2400186 1686
3805 2401872 3154
3804 2405026 7398
3803 2412424 14910
3802 2427334 1780
3801 2429114 1678
3800 2430792 2399
3799 2433191 974
3798 2434165 1658
3797 2435823 2212
3796 2438035 1745
3795 2439780 7893
3794 2447673 2967
3793 2450640 3380
3792 2454020 6169
3791 2460189 3562
3790 2463751 9101
3789 2472852 2639
3788 2475491 1888
3787 2477379 9360
3786 2486739 2696
3785 2489435 1684
3784 2491119 4620
3783 2495739 1811
3782 2497550 1613
3781 2499163 1002
3780 2500165 1645
3779 2501810 4748
3778 2506558 1285
3777 2507843 1916
3776 2509759 2895
3775 2512654 2533
3774 2515187 4615
3773 2519802 3033
3772 2522835 2314
3771 2525149 6973
3770 2532122 2703
3769 2534825 3636
3768 2538461 2462
3767 2540923 4779
3766 2545702 1651
3765 2547353 7297
3764 2554650 2249
3763 2556899 1653
3762 2558552 857
3761 2559409 926
3760 2560335 2481
3759 2562816 8111
3758 2570927 2509
3757 2573436 5507
3755 2578943 1869
3754 2580812 939
3753 2581751 1183
3752 2582934 5337
3751 2588271 1354
3749 2589625 7618
3748 2597243 4175
3747 2601418 3073
3746 2604491 3935
3744 2608426 397
3743 2608823 745
3742 2609568 1401
3741 2610969 751
3740 2611720 1599
3739 2613319 2147
3738 2615466 2595
3737 2618061 2948
3736 2621009 1986
3735 2622995 1339
3734 2624334 6425
3733 2630759 14980
3732 2645739 2257
3731 2647996 3701
3730 2651697 6475
3729 2658172 7142
3728 2665314 2012
3727 2667326 2062
3726 2669388 3418
3725 2672806 9037
3724 2681843 3687
3723 2685530 4502
3722 2690032 11271
3721 2701303 505
3720 2701808 409
3719 2702217 7582
3718 2709799 2866
3717 2712665 3227
3716 2715892 2005
3715 2717897 3686
3714 2721583 2396
3713 2723979 1927
3712 2725906 2769
3711 2728675 3110
3710 2731785 1958
3709 2733743 2361
3708 2736104 1466
3707 2737570 1525
3706 2739095 4226
3705 2743321 3456
3704 2746777 3832
3703 2750609 2059
3702 2752668 10083
3701 2762751 11160
3700 2773911 3630
3699 2777541 3802
3698 2781343 3817
3697 2785160 2162
3696 2787322 1950
3693 2789272 3206
3691 2792478 2097
3690 2794575 3047
3689 2797622 3298
3688 2800920 3819
3687 2804739 3018
3686 2807757 5332
3685 2813089 3276
3684 2816365 6258
3683 2822623 3404
3682 2826027 1346
3681 2827373 2093
3680 2829466 520
3679 2829986 3741
3678 2833727 3532
3677 2837259 1349
3676 2838608 579
3675 2839187 541
3674 2839728 680
3673 2840408 869
3672 2841277 540
3671 2841817 745
3670 2842562 5304
3669 2847866 7327
3668 2855193 1592
3667 2856785 2900
3666 2859685 1345
3665 2861030 2152
3664 2863182 2030
3663 2865212 1144
3662 2866356 4022
3661 2870378 2789
3660 2873167 5295
3659 2878462 1227
3658 2879689 1207
3656 2880896 4566
3655 2885462 3094
3654 2888556 1890
3653 2890446 1314
3652 2891760 8360
3651 2900120 2614
3650 2902734 3740
3649 2906474 3494
3648 2909968 1988
3646 2911956 2029
3645 2913985 5554
3644 2919539 9412
3643 2928951 9174
3642 2938125 2713
3641 2940838 5100
3640 2945938 4629
3639 2950567 5606
3638 2956173 3511
3637 2959684 2859
3636 2962543 2910
3635 2965453 4065
3634 2969518 606
3633 2970124 3500
3632 2973624 4071
3631 2977695 2039
3630 2979734 1279
3629 2981013 913
3628 2981926 4945
3627 2986871 7772
3626 2994643 5786
3624 3000429 2461
3623 3002890 3599
3622 3006489 1744
3621 3008233 6078
3620 3014311 4156
3619 3018467 520
3618 3018987 2688
3617 3021675 2707
3616 3024382 1645
3615 3026027 3762
3614 3029789 1373
3613 3031162 8932
3612 3040094 720
3611 3040814 4370
3610 3045184 1460
3609 3046644 8081
3608 3054725 5268
3607 3059993 678
3606 3060671 6084
3605 3066755 929
3604 3067684 15587
3603 3083271 5701
3602 3088972 801
3601 3089773 6285
3600 3096058 8017
3599 3104075 937
3598 3105012 11612
3597 3116624 4332
3596 3120956 3896
3595 3124852 3296
3594 3128148 14173
3593 3142321 3709
3592 3146030 8111
3591 3154141 1701
3590 3155842 3130
3589 3158972 2945
3588 3161917 5384
3587 3167301 2225
3586 3169526 8918
3585 3178444 4483
3584 3182927 5020
3583 3187947 4098
3582 3192045 8053
3581 3200098 12573
3580 3212671 1475
3579 3214146 788
3578 3214934 1748
3577 3216682 316
3576 3216998 9099
3575 3226097 1378
3573 3227475 1081
3572 3228556 3792
3571 3232348 9515
3570 3241863 4712
3569 3246575 9136
3568 3255711 5489
3567 3261200 5257
3566 3266457 1896
3565 3268353 4237
3564 3272590 8275
3563 3280865 2152
3562 3283017 6391
3561 3289408 837
3560 3290245 1354
3559 3291599 2160
3558 3293759 1572
3557 3295331 1377
3556 3296708 5101
3555 3301809 7537
3554 3309346 15111
3553 3324457 6764
3552 3331221 4997
3551 3336218 8525
3550 3344743 7581
3549 3352324 8224
3548 3360548 1936
3547 3362484 6863
3546 3369347 5191
3545 3374538 8171
3544 3382709 1372
3543 3384081 1946
3542 3386027 1172
3541 3387199 4479
3540 3391678 16380
3539 3408058 2072
3538 3410130 3580
3537 3413710 4043
3536 3417753 5695
3535 3423448 8898
3534 3432346 18045
3533 3450391 2198
3532 3452589 7428
3531 3460017 1486
3530 3461503 1188
3529 3462691 1370
3528 3464061 4504
3527 3468565 1540
3526 3470105 4162
3525 3474267 4493
3524 3478760 4389
3523 3483149 8416
3522 3491565 20231
3521 3511796 2536
3520 3514332 2481
3519 3516813 3455
3518 3520268 2529
3517 3522797 2059
3516 3524856 2434
3515 3527290 3760
3514 3531050 4919
3513 3535969 4218
3512 3540187 2303
3511 3542490 5833
3510 3548323 2127
3509 3550450 5114
3508 3555564 3278
3507 3558842 1883
3506 3560725 3315
3505 3564040 1549
3504 3565589 596
3503 3566185 3290
3502 3569475 9375
3501 3578850 1316
3499 3580166 5171
3497 3585337 3942
3496 3589279 2581
3495 3591860 777
3494 3592637 1737
3493 3594374 3458
3492 3597832 5543
3491 3603375 4662
3490 3608037 5368
3488 3613405 1404
3487 3614809 3382
3486 3618191 9947
3485 3628138 1118
3484 3629256 9978
3483 3639234 6890
3482 3646124 1883
3481 3648007 4437
3480 3652444 12139
3478 3664583 933
3476 3665516 2236
3474 3667752 904
3472 3668656 4727
3470 3673383 7402
3469 3680785 4408
3468 3685193 2540
3467 3687733 4274
3466 3692007 5493
3465 3697500 5422
3464 3702922 3314
3463 3706236 4791
3462 3711027 5034
3461 3716061 2623
3460 3718684 1740
3459 3720424 5464
3458 3725888 3031
3457 3728919 5934
3456 3734853 4172
3455 3739025 3691
3454 3742716 5351
3453 3748067 5319
3452 3753386 2680
3451 3756066 8730
3450 3764796 1921
3449 3766717 4080
3448 3770797 3314
3447 3774111 20486
3446 3794597 2301
3445 3796898 1737
3444 3798635 2312
3443 3800947 3825
3442 3804772 2777
3441 3807549 4507
3440 3812056 4108
3439 3816164 3134
3438 3819298 3581
3437 3822879 4584
3436 3827463 4703
3435 3832166 1295
3434 3833461 2308
3433 3835769 2734
3432 3838503 2322
3431 3840825 1949
3430 3842774 1256
3429 3844030 2962
3428 3846992 2673
3427 3849665 4176
3426 3853841 792
3425 3854633 975
3424 3855608 4438
3423 3860046 2458
3422 3862504 6083
3421 3868587 3867
3420 3872454 1881
3419 3874335 5539
3418 3879874 4702
3417 3884576 5568
3416 3890144 5177
3415 3895321 3144
3414 3898465 531
3413 3898996 463
3412 3899459 495
3411 3899954 479
3410 3900433 487
3409 3900920 511
3408 3901431 481
3407 3901912 533
3406 3902445 497
3405 3902942 473
3404 3903415 465
3403 3903880 495
3402 3904375 444
3401 3904819 435
3400 3905254 418
3399 3905672 5415
3398 3911087 14071
3397 3925158 3795
3395 3928953 7912
3394 3936865 3925
3393 3940790 9613
3391 3950403 3493
3390 3953896 1741
3389 3955637 9784
3388 3965421 4625
3387 3970046 4649
3386 3974695 6580
3385 3981275 1409
3384 3982684 5712
3383 3988396 1375
3382 3989771 5409
3381 3995180 9301
3380 4004481 15316
3379 4019797 1724
3378 4021521 2295
3377 4023816 6077
3376 4029893 2361
3375 4032254 4868
3374 4037122 4398
3373 4041520 3309
3372 4044829 7363
3371 4052192 1357
3370 4053549 3955
3369 4057504 1140
3368 4058644 7370
3367 4066014 5092
3366 4071106 5642
3365 4076748 2921
3364 4079669 3568
3363 4083237 4384
3362 4087621 2379
3361 4090000 925
3360 4090925 6925
3359 4097850 5115
3358 4102965 3672
3357 4106637 593
3356 4107230 3223
3355 4110453 8183
3354 4118636 5590
3353 4124226 1915
3352 4126141 3053
3351 4129194 3372
3350 4132566 7630
3349 4140196 10933
3348 4151129 1604
3347 4152733 1708
3346 4154441 2607
3345 4157048 2132
3344 4159180 1712
3343 4160892 7526
3342 4168418 2954
3341 4171372 2984
3340 4174356 6490
3339 4180846 1988
3338 4182834 5195
3337 4188029 6287
3336 4194316 8783
3335 4203099 1967
3334 4205066 2747
3333 4207813 4665
3332 4212478 1546
3331 4214024 668
3330 4214692 1274
3329 4215966 2211
3328 4218177 3868
3327 4222045 5068
3326 4227113 10972
3325 4238085 5880
3324 4243965 1503
3323 4245468 1682
3321 4247150 3609
3320 4250759 4144
3319 4254903 15500
3318 4270403 3392
3317 4273795 3739
3316 4277534 4776
3315 4282310 3424
3314 4285734 2507
3313 4288241 5476
3312 4293717 5386
3311 4299103 1786
3310 4300889 1906
3309 4302795 27024
3308 4329819 2293
3307 4332112 2112
3306 4334224 3177
3305 4337401 2196
3304 4339597 9690
3303 4349287 4422
3302 4353709 2950
3301 4356659 1107
3300 4357766 793
3299 4358559 3785
3298 4362344 2588
3297 4364932 2585
3296 4367517 2077
3295 4369594 1507
3294 4371101 2795
3293 4373896 6795
3292 4380691 1709
3291 4382400 1702
3290 4384102 5371
3289 4389473 1717
3288 4391190 5621
3287 4396811 4825
3286 4401636 6350
3285 4407986 3466
3284 4411452 8508
3283 4419960 1843
3282 4421803 1053
3281 4422856 791
3280 4423647 1122
3279 4424769 2195
3278 4426964 9703
3277 4436667 3593
3276 4440260 3353
3275 4443613 3374
3274 4446987 1846
3273 4448833 10782
3272 4459615 467
3271 4460082 1135
3270 4461217 3979
3269 4465196 1287
3268 4466483 10170
3267 4476653 2956
3266 4479609 1134
3265 4480743 1345
3264 4482088 2368
3263 4484456 2401
3262 4486857 2531
3261 4489388 2215
3260 4491603 6824
3259 4498427 9126
3258 4507553 762
3257 4508315 10504
3256 4518819 2281
3255 4521100 2717
3254 4523817 3458
3253 4527275 2549
3251 4529824 2859
3250 4532683 1262
3249 4533945 1811
3248 4535756 4541
3247 4540297 6675
3246 4546972 5691
3245 4552663 3892
3244 4556555 4435
3243 4560990 1433
3242 4562423 4446
3241 4566869 1872
3240 4568741 2052
3239 4570793 4039
3238 4574832 2560
3237 4577392 3398
3236 4580790 2672
3235 4583462 2383
3234 4585845 3158
3233 4589003 951
3232 4589954 7192
3231 4597146 812
3230 4597958 3141
3229 4601099 2089
3228 4603188 2708
3227 4605896 4814
3226 4610710 3593
3225 4614303 3665
3224 4617968 1594
3223 4619562 997
3222 4620559 547
3221 4621106 4091
3220 4625197 4287
3219 4629484 710
3218 4630194 3765
3217 4633959 6298
3216 4640257 4308
3215 4644565 4122
3214 4648687 3490
3213 4652177 1117
3212 4653294 2299
3211 4655593 1268
3210 4656861 3091
3209 4659952 1829
3208 4661781 635
3207 4662416 3626
3206 4666042 6217
3205 4672259 6700
3204 4678959 1942
3203 4680901 2159
3201 4683060 1096
3200 4684156 1040
3199 4685196 2227
3198 4687423 1099
3197 4688522 4326
3196 4692848 3718
3195 4696566 2099
3194 4698665 7564
3193 4706229 4542
3192 4710771 2466
3191 4713237 6500
3190 4719737 9777
3189 4729514 1905
3188 4731419 4000
3187 4735419 9109
3186 4744528 1704
3185 4746232 5685
3184 4751917 3653
3183 4755570 4620
3182 4760190 3719
3180 4763909 13744
3179 4777653 6601
3178 4784254 2138
3177 4786392 14612
3176 4801004 4306
3175 4805310 1911
3174 4807221 2041
3173 4809262 2622
3172 4811884 1138
3171 4813022 1688
3170 4814710 3500
3169 4818210 2255
3168 4820465 2504
3167 4822969 2082
3166 4825051 2498
3165 4827549 4827
3164 4832376 1464
3163 4833840 3981
3162 4837821 570
3161 4838391 1499
3160 4839890 1209
3159 4841099 909
3158 4842008 1988
3157 4843996 972
3156 4844968 2258
3155 4847226 1126
3154 4848352 4698
3153 4853050 4400
3152 4857450 2514
3151 4859964 894
3150 4860858 1652
3149 4862510 1164
3148 4863674 1823
3147 4865497 1291
3146 4866788 3686
3145 4870474 4244
3144 4874718 936
3143 4875654 749
3142 4876403 3164
3141 4879567 831
3140 4880398 4206
3139 4884604 686
3138 4885290 2968
3137 4888258 5315
3135 4893573 1873
3134 4895446 1448
3133 4896894 6347
3132 4903241 11961
3131 4915202 8276
3130 4923478 4874
3129 4928352 5450
3128 4933802 7522
3127 4941324 5424
3126 4946748 9203
3125 4955951 2054
3124 4958005 2189
3123 4960194 3509
3122 4963703 2380
3121 4966083 3358
3120 4969441 3543
3119 4972984 5827
3118 4978811 7709
3117 4986520 3096
3116 4989616 4501
3115 4994117 4742
3114 4998859 4789
3113 5003648 2584
3112 5006232 1929
3111 5008161 5256
3110 5013417 2608
3109 5016025 3181
3108 5019206 6832
3107 5026038 1151
3105 5027189 2432
3104 5029621 2676
3103 5032297 1968
3102 5034265 1252
3101 5035517 5529
3100 5041046 1307
3099 5042353 3972
3098 5046325 9659
3097 5055984 2440
3096 5058424 927
3095 5059351 1638
3093 5060989 969
3092 5061958 2069
3091 5064027 1470
3090 5065497 8336
3089 5073833 1471
3088 5075304 3085
3087 5078389 3685
3086 5082074 1042
3085 5083116 1359
3084 5084475 2364
3083 5086839 2712
3082 5089551 1171
3081 5090722 3174
3080 5093896 1519
3079 5095415 2560
3078 5097975 7858
3077 5105833 3127
3076 5108960 843
3075 5109803 3840
3074 5113643 878
3073 5114521 831
3072 5115352 1675
3071 5117027 1195
3070 5118222 1631
3069 5119853 1124
3068 5120977 1264
3067 5122241 4169
3066 5126410 2847
3065 5129257 1669
3063 5130926 5223
3062 5136149 2813
3061 5138962 683
3060 5139645 2654
3059 5142299 1184
3058 5143483 1940
3057 5145423 3370
3056 5148793 1736
3055 5150529 4851
3054 5155380 2342
3053 5157722 1705
3052 5159427 6037
3051 5165464 1202
3050 5166666 7667
3049 5174333 7634
3048 5181967 3127
3047 5185094 1175
3046 5186269 1189
3045 5187458 5252
3044 5192710 2805
3043 5195515 3539
3042 5199054 3100
3041 5202154 1751
3040 5203905 2442
3039 5206347 4462
3038 5210809 7416
3037 5218225 1869
3036 5220094 368
3035 5220462 2624
3034 5223086 4066
3033 5227152 4061
3032 5231213 5754
3031 5236967 1819
3030 5238786 8918
3029 5247704 3443
3028 5251147 2288
3027 5253435 4651
3026 5258086 6177
3025 5264263 4327
3024 5268590 10452
3023 5279042 5688
3022 5284730 2889
3021 5287619 5749
3020 5293368 6424
3019 5299792 9629
3018 5309421 4458
3017 5313879 6806
3016 5320685 7969
3015 5328654 1525
3014 5330179 2431
3013 5332610 4998
3012 5337608 2155
3011 5339763 10150
3010 5349913 1633
3009 5351546 3785
3008 5355331 2952
3007 5358283 3719
3006 5362002 2347
3005 5364349 3686
3004 5368035 2189
3003 5370224 10193
3002 5380417 6871
3001 5387288 3588
3000 5390876 6366
2997 5397242 1624
2996 5398866 9572
2995 5408438 6420
2994 5414858 6627
2993 5421485 1495
2992 5422980 22545
2991 5445525 966
2990 5446491 1772
2989 5448263 5906
2988 5454169 5303
2987 5459472 11749
2982 5471221 987
2981 5472208 1207
2980 5473415 2741
2979 5476156 3635
2978 5479791 2865
2977 5482656 7797
2976 5490453 493
2975 5490946 756
2974 5491702 4799
2973 5496501 1210
2972 5497711 3504
2971 5501215 3493
2970 5504708 6516
2969 5511224 4139
2968 5515363 15069
2967 5530432 1031
2966 5531463 3768
2964 5535231 1661
2963 5536892 946
2962 5537838 1639
2961 5539477 9751
2960 5549228 3497
2959 5552725 7526
2958 5560251 8169
2957 5568420 2870
2956 5571290 1836
2955 5573126 1704
2954 5574830 1408
2953 5576238 4983
2952 5581221 1938
2950 5583159 1390
2948 5584549 2767
2947 5587316 3696
2946 5591012 2562
2945 5593574 6156
2942 5599730 7974
2940 5607704 15279
2939 5622983 2557
2938 5625540 3467
2937 5629007 1633
2935 5630640 1494
2933 5632134 1820
2932 5633954 2317
2929 5636271 3049
2928 5639320 5516
2927 5644836 9994
2926 5654830 4947
2925 5659777 1223
2924 5661000 5990
2916 5666990 7720
2914 5674710 5793
2913 5680503 6514
2912 5687017 2085
2911 5689102 11613
2910 5700715 9216
2909 5709931 6182
2907 5716113 3083
2906 5719196 2514
2904 5721710 1317
2903 5723027 1108
2902 5724135 14608
2899 5738743 3617
2898 5742360 11198
2897 5753558 4333
2896 5757891 12269
2895 5770160 1759
2894 5771919 726
2893 5772645 994
2892 5773639 627
2891 5774266 557
2890 5774823 804
2889 5775627 3116
2888 5778743 1291
2887 5780034 10096
2886 5790130 4024
2885 5794154 672
2884 5794826 753
2883 5795579 10993
2882 5806572 5333
2881 5811905 1010
2880 5812915 1019
2879 5813934 1093
2878 5815027 2484
2877 5817511 1506
2876 5819017 6977
2875 5825994 3942
2874 5829936 8850
2873 5838786 740
2872 5839526 1111
2871 5840637 4197
2870 5844834 6158
2869 5850992 3669
2868 5854661 4376
2867 5859037 1858
2866 5860895 4400
2865 5865295 4543
2864 5869838 4603
2863 5874441 5494
2862 5879935 1767
2861 5881702 1104
2860 5882806 4049
2859 5886855 9624
2858 5896479 5801
2857 5902280 2844
2856 5905124 3225
2855 5908349 712
2854 5909061 1779
2853 5910840 9090
2852 5919930 1594
2851 5921524 3681
2850 5925205 12279
2849 5937484 14657
2848 5952141 3897
2847 5956038 4365
2846 5960403 12436
2845 5972839 4029
2844 5976868 3716
2843 5980584 25941
2842 6006525 2596
2841 6009121 12223
2840 6021344 5467
2839 6026811 2315
2838 6029126 2786
2837 6031912 1385
2836 6033297 5532
2835 6038829 662
2834 6039491 3802
2833 6043293 1152
2832 6044445 713
2831 6045158 1162
2830 6046320 9734
2829 6056054 9705
2828 6065759 6352
2827 6072111 6260
2826 6078371 6750
2825 6085121 5982
2824 6091103 3344
2823 6094447 1750
2822 6096197 2915
2821 6099112 1406
2820 6100518 9039
2819 6109557 6715
2818 6116272 3262
2817 6119534 6471
2816 6126005 1698
2815 6127703 6084
2814 6133787 6103
2813 6139890 3029
2812 6142919 6390
2811 6149309 4317
2809 6153626 2130
2808 6155756 1553
2806 6157309 10741
2805 6168050 5742
2804 6173792 6364
2802 6180156 772
2801 6180928 3235
2800 6184163 767
2799 6184930 2571
2798 6187501 1235
2797 6188736 4740
2796 6193476 1962
2795 6195438 2854
2794 6198292 5248
2793 6203540 3971
2792 6207511 30932
2791 6238443 2759
2790 6241202 3708
2789 6244910 4443
2788 6249353 6579
2787 6255932 5219
2786 6261151 7311
2785 6268462 980
2783 6269442 3475
2781 6272917 1957
2780 6274874 2365
2779 6277239 1334
2777 6278573 1101
2776 6279674 3890
2775 6283564 1382
2774 6284946 3118
2773 6288064 1443
2772 6289507 1832
2771 6291339 2404
2770 6293743 12600
2769 6306343 4612
2768 6310955 7360
2767 6318315 1470
2766 6319785 1761
2764 6321546 1616
2763 6323162 2846
2762 6326008 20089
2761 6346097 3032
2760 6349129 2444
2759 6351573 5196
2757 6356769 2192
2755 6358961 1027
2754 6359988 2340
2753 6362328 1215
2752 6363543 11633
2751 6375176 6131
2750 6381307 5013
2749 6386320 580
2748 6386900 1403
2747 6388303 2441
2746 6390744 2236
2745 6392980 1210
2743 6394190 1720
2742 6395910 1793
2740 6397703 5786
2739 6403489 2648
2738 6406137 811
2737 6406948 1067
2736 6408015 2071
2735 6410086 2765
2734 6412851 4474
2733 6417325 5875
2732 6423200 5441
2731 6428641 2936
2730 6431577 4371
2729 6435948 2527
2728 6438475 1133
2727 6439608 1536
2726 6441144 2551
2725 6443695 702
2724 6444397 4422
2723 6448819 1298
2722 6450117 5724
2721 6455841 2227
2720 6458068 2883
2718 6460951 3294
2717 6464245 651
2716 6464896 1507
2714 6466403 5500
2712 6471903 7364
2711 6479267 9079
2710 6488346 5088
2709 6493434 2854
2708 6496288 6322
2707 6502610 798
2706 6503408 1145
2705 6504553 935
2703 6505488 981
2702 6506469 6329
2701 6512798 3126
2700 6515924 2006
2699 6517930 1973
2698 6519903 3754
2697 6523657 812
2696 6524469 5802
2695 6530271 4290
2694 6534561 10137
2693 6544698 2752
2692 6547450 7292
2691 6554742 1606
2690 6556348 4105
2689 6560453 3418
2688 6563871 1271
2687 6565142 7272
2686 6572414 5778
2685 6578192 1851
2684 6580043 8575
2683 6588618 6233
2682 6594851 4132
2681 6598983 4593
2680 6603576 3311
2679 6606887 1491
2678 6608378 2141
2677 6610519 2165
2676 6612684 4787
2675 6617471 6529
2674 6624000 4375
2673 6628375 5535
2672 6633910 2243
2671 6636153 7983
2670 6644136 4555
2669 6648691 4902
2668 6653593 4309
2667 6657902 3440
2666 6661342 3655
2665 6664997 4164
2664 6669161 1068
2663 6670229 4803
2662 6675032 6638
2661 6681670 5149
2660 6686819 11601
2659 6698420 3481
2658 6701901 4591
2656 6706492 5934
2653 6712426 3511
2652 6715937 3149
2651 6719086 1660
2650 6720746 1543
2648 6722289 3987
2647 6726276 3548
2645 6729824 6241
2644 6736065 5466
2643 6741531 7955
2642 6749486 10273
2641 6759759 9686
2640 6769445 10524
2639 6779969 8431
2638 6788400 9420
2637 6797820 6559
2636 6804379 2694
2635 6807073 3577
2634 6810650 2908
2632 6813558 3924
2631 6817482 2166
2630 6819648 468
2629 6820116 3412
2628 6823528 2886
2627 6826414 3380
2626 6829794 3687
2625 6833481 6458
2624 6839939 6796
2623 6846735 8418
2622 6855153 2291
2620 6857444 9058
2619 6866502 5552
2618 6872054 1770
2617 6873824 3399
2616 6877223 2919
2615 6880142 1580
2614 6881722 2883
2613 6884605 6422
2612 6891027 4217
2611 6895244 9529
2610 6904773 2941
2609 6907714 7196
2608 6914910 1031
2607 6915941 6338
2606 6922279 5160
2605 6927439 5332
2604 6932771 5167
2603 6937938 3605
2602 6941543 2045
2601 6943588 11547
2600 6955135 8083
2599 6963218 2346
2598 6965564 5007
2597 6970571 1842
2596 6972413 1107
2595 6973520 2149
2594 6975669 2697
2593 6978366 1514
2592 6979880 4191
2591 6984071 1246
2590 6985317 1300
2589 6986617 1137
2588 6987754 1863
2587 6989617 2289
2586 6991906 5088
2585 6996994 1164
2584 6998158 993
2583 6999151 1278
2582 7000429 977
2581 7001406 1793
2580 7003199 1775
2579 7004974 3872
2578 7008846 4880
2575 7013726 3209
2574 7016935 3332
2573 7020267 1098
2572 7021365 1635
2571 7023000 2173
2570 7025173 892
2569 7026065 1378
2568 7027443 1415
2567 7028858 2720
2566 7031578 3365
2565 7034943 2993
2564 7037936 3244
2563 7041180 4003
2562 7045183 1615
2561 7046798 868
2560 7047666 1301
2559 7048967 2797
2558 7051764 1609
2557 7053373 2971
2555 7056344 1682
2554 7058026 5616
2553 7063642 2594
2552 7066236 5190
2551 7071426 1722
2550 7073148 1527
2549 7074675 2198
2548 7076873 1346
2547 7078219 1474
2546 7079693 2323
2545 7082016 1463
2544 7083479 2694
2543 7086173 1212
2542 7087385 1410
2541 7088795 2729
2540 7091524 6161
2539 7097685 1881
2538 7099566 2724
2537 7102290 866
2535 7103156 1913
2534 7105069 1294
2533 7106363 1806
2532 7108169 1534
2531 7109703 2060
2530 7111763 1500
2529 7113263 961
2528 7114224 1790
2527 7116014 4670
2526 7120684 3216
2525 7123900 2645
2524 7126545 1588
2523 7128133 1684
2522 7129817 2416
2521 7132233 1737
2520 7133970 1656
2519 7135626 1256
2518 7136882 5103
2517 7141985 1752
2516 7143737 1102
2515 7144839 30048
2514 7174887 2593
2513 7177480 3228
2512 7180708 2237
2511 7182945 2478
2510 7185423 1028
2509 7186451 3762
2508 7190213 6964
2507 7197177 1183
2506 7198360 1176
2505 7199536 1862
2504 7201398 1507
2503 7202905 1977
2502 7204882 5445
2501 7210327 1008
2500 7211335 2146
2499 7213481 1679
2498 7215160 4726
2497 7219886 3377
2496 7223263 2223
2495 7225486 3640
2494 7229126 9527
2493 7238653 6892
2492 7245545 8331
2491 7253876 1379
2490 7255255 3991
2489 7259246 6376
2488 7265622 2165
2487 7267787 7551
2486 7275338 1770
2485 7277108 6434
2484 7283542 1153
2483 7284695 2410
2482 7287105 4667
2481 7291772 1071
2480 7292843 1465
2479 7294308 8128
2478 7302436 7021
2477 7309457 793
2476 7310250 1624
2475 7311874 1143
2474 7313017 1752
2473 7314769 1735
2472 7316504 2158
2471 7318662 2431
2470 7321093 1453
2469 7322546 1518
2468 7324064 1584
2467 7325648 12939
2466 7338587 6867
2465 7345454 3959
2464 7349413 1076
2463 7350489 1353
2462 7351842 3568
2461 7355410 4030
2460 7359440 1463
2458 7360903 4105
2457 7365008 1780
2456 7366788 2657
2455 7369445 2944
2454 7372389 1215
2453 7373604 4055
2452 7377659 6396
2451 7384055 1327
2450 7385382 1595
2449 7386977 3591
2448 7390568 8876
2447 7399444 338
2446 7399782 4365
2445 7404147 919
2444 7405066 5537
2443 7410603 1093
2442 7411696 1303
2441 7412999 1229
2440 7414228 3169
2439 7417397 1319
2438 7418716 5923
2437 7424639 3809
2436 7428448 2277
2435 7430725 1537
2434 7432262 525
2433 7432787 1831
2432 7434618 3256
2431 7437874 8149
2430 7446023 2303
2429 7448326 819
2428 7449145 1049
2427 7450194 5957
2426 7456151 4600
2425 7460751 1321
2424 7462072 3972
2423 7466044 2845
2422 7468889 9475
2421 7478364 17715
2420 7496079 1357
2419 7497436 10822
2418 7508258 888
2417 7509146 1214
2416 7510360 5743
2415 7516103 1069
2414 7517172 1424
2412 7518596 3515
2411 7522111 873
2410 7522984 21763
2409 7544747 10084
2408 7554831 1366
2407 7556197 661
2406 7556858 2429
2405 7559287 2373
2404 7561660 4570
2403 7566230 12859
2402 7579089 3221
2401 7582310 4226
2400 7586536 8489
2399 7595025 3797
2398 7598822 30715
2397 7629537 16306
2396 7645843 11314
2395 7657157 24557
2394 7681714 3009
2393 7684723 3737
2392 7688460 4393
2391 7692853 4512
2390 7697365 3097
2389 7700462 1959
2388 7702421 3500
2387 7705921 5905
2386 7711826 3261
2385 7715087 2978
2384 7718065 9891
2383 7727956 17834
2382 7745790 1237
2381 7747027 2464
2380 7749491 6287
2379 7755778 2770
2378 7758548 8227
2377 7766775 2767
2376 7769542 5009
2375 7774551 2628
2374 7777179 4371
2373 7781550 3586
2372 7785136 2615
2371 7787751 2396
2370 7790147 2689
2369 7792836 3216
2368 7796052 310
2367 7796362 7189
2366 7803551 4441
2365 7807992 941
2364 7808933 2807
2363 7811740 9953
2362 7821693 3817
2361 7825510 3915
2360 7829425 5882
2359 7835307 325
2358 7835632 4519
2357 7840151 2390
1108 7842541 6661
1107 7849202 2539
1106 7851741 5176
1105 7856917 1349
1104 7858266 1133
1103 7859399 10200
1102 7869599 2117
1101 7871716 3169
1100 7874885 478
1099 7875363 2660
1098 7878023 2401
1097 7880424 1227
1096 7881651 3520
1095 7885171 4086
1094 7889257 910
1093 7890167 3564
1092 7893731 4245
1091 7897976 2570
1090 7900546 836
1089 7901382 543
1087 7901925 2255
1086 7904180 1796
1085 7905976 2115
1084 7908091 4192
1083 7912283 1432
1082 7913715 2526
1081 7916241 1073
1079 7917314 2395
1078 7919709 2292
1077 7922001 1572
1076 7923573 2544
1075 7926117 1683
1074 7927800 730
1073 7928530 1430
1072 7929960 1868
1071 7931828 2286
1070 7934114 1063
1069 7935177 2574
1068 7937751 816
1067 7938567 1111
1066 7939678 523
1065 7940201 3807
1064 7944008 3203
1063 7947211 1800
1062 7949011 3130
1061 7952141 1960
1060 7954101 2230
1059 7956331 1935
1058 7958266 1964
1057 7960230 3370
1056 7963600 957
1055 7964557 1087
1054 7965644 1867
1053 7967511 1574
1052 7969085 2443
1051 7971528 2916
1050 7974444 1385
1049 7975829 1754
1048 7977583 2502
1047 7980085 2503
1046 7982588 1541
1045 7984129 1808
1044 7985937 1087
1043 7987024 1253
1042 7988277 4031
1041 7992308 3426
1040 7995734 832
1039 7996566 6423
1038 8002989 3280
1037 8006269 879
1036 8007148 1624
1035 8008772 880
1034 8009652 6021
1033 8015673 1240
1032 8016913 5811
1031 8022724 800
1030 8023524 2318
1029 8025842 4633
1027 8030475 926
1026 8031401 3305
1025 8034706 5887
1024 8040593 3336
1023 8043929 4300
1022 8048229 2549
1020 8050778 1066
1019 8051844 3003
1018 8054847 2822
1017 8057669 2746
1016 8060415 1279
1015 8061694 2629
1014 8064323 1953
1013 8066276 1002
1012 8067278 1361
1011 8068639 1137
1010 8069776 906
1008 8070682 1747
1007 8072429 2363
1006 8074792 999
1005 8075791 984
1004 8076775 864
1003 8077639 1109
1002 8078748 1253
1001 8080001 2709
1000 8082710 2820
999 8085530 2539
998 8088069 3331
997 8091400 7445
996 8098845 2046
995 8100891 1216
994 8102107 1438
993 8103545 5268
992 8108813 1101
991 8109914 3785
990 8113699 2529
989 8116228 5422
988 8121650 2641
987 8124291 3779
986 8128070 3020
985 8131090 4229
984 8135319 5085
983 8140404 2365
982 8142769 1082
981 8143851 2454
980 8146305 3423
979 8149728 2593
978 8152321 1616
977 8153937 5241
976 8159178 3414
975 8162592 3301
974 8165893 3093
973 8168986 6324
972 8175310 3616
971 8178926 3214
970 8182140 23241
969 8205381 2540
968 8207921 2378
967 8210299 2595
966 8212894 2401
965 8215295 2387
964 8217682 3968
963 8221650 2741
962 8224391 3656
961 8228047 1626
960 8229673 1548
959 8231221 1545
958 8232766 1748
957 8234514 3765
956 8238279 2722
955 8241001 4158
954 8245159 2013
952 8247172 3424
951 8250596 1868
950 8252464 2243
949 8254707 3207
948 8257914 6368
947 8264282 1802
946 8266084 1608
945 8267692 2073
944 8269765 3503
943 8273268 3576
942 8276844 2210
941 8279054 2833
940 8281887 3742
939 8285629 8883
938 8294512 3628
937 8298140 3341
936 8301481 7826
935 8309307 2820
934 8312127 1467
933 8313594 2072
932 8315666 3624
931 8319290 2473
930 8321763 1527
929 8323290 1753
928 8325043 4780
927 8329823 1536
926 8331359 1863
925 8333222 3445
924 8336667 3034
923 8339701 1624
922 8341325 2986
921 8344311 1808
920 8346119 3125
919 8349244 7795
918 8357039 8106
917 8365145 3953
916 8369098 6755
915 8375853 6870
914 8382723 6370
913 8389093 6964
912 8396057 2996
911 8399053 2078
910 8401131 3072
909 8404203 2261
908 8406464 2590
907 8409054 2682
906 8411736 1649
905 8413385 1469
904 8414854 2425
903 8417279 7411
902 8424690 8576
901 8433266 2558
900 8435824 5674
899 8441498 3652
897 8445150 3320
896 8448470 4802
895 8453272 3334
894 8456606 4827
892 8461433 19807
891 8481240 4227
890 8485467 1114
889 8486581 2617
888 8489198 3533
887 8492731 2853
886 8495584 3530
885 8499114 4076
884 8503190 2953
883 8506143 937
882 8507080 1243
881 8508323 4334
880 8512657 1599
879 8514256 3620
878 8517876 3780
877 8521656 4509
876 8526165 18944
875 8545109 3555
874 8548664 3200
873 8551864 3651
872 8555515 3237
871 8558752 2741
870 8561493 3485
869 8564978 3735
868 8568713 3643
867 8572356 3294
866 8575650 3164
865 8578814 5070
864 8583884 3780
863 8587664 5438
862 8593102 3458
861 8596560 1231
860 8597791 3347
859 8601138 4145
858 8605283 4841
857 8610124 3418
856 8613542 1515
855 8615057 4678
854 8619735 19546
853 8639281 3520
852 8642801 3458
851 8646259 1558
850 8647817 3412
849 8651229 4359
848 8655588 19361
847 8674949 3272
846 8678221 4066
845 8682287 3137
844 8685424 3095
843 8688519 2838
842 8691357 3483
841 8694840 3956
840 8698796 4178
839 8702974 4775
838 8707749 4014
837 8711763 3496
836 8715259 4724
835 8719983 3768
834 8723751 10510
833 8734261 4315
832 8738576 3476
831 8742052 4009
830 8746061 3810
829 8749871 3648
828 8753519 3548
827 8757067 4164
826 8761231 4002
825 8765233 3165
823 8768398 4309
821 8772707 3074
820 8775781 4365
819 8780146 3799
818 8783945 4325
817 8788270 5353
814 8793623 1258
813 8794881 4004
812 8798885 19801
811 8818686 3474
810 8822160 3576
809 8825736 2730
808 8828466 2627
807 8831093 4109
806 8835202 4826
805 8840028 3058
803 8843086 3611
802 8846697 4230
799 8850927 1013
798 8851940 2682
797 8854622 3583
796 8858205 6766
795 8864971 820
794 8865791 1132
793 8866923 6288
792 8873211 6297
791 8879508 2149
790 8881657 9072
789 8890729 3331
788 8894060 997
787 8895057 7299
786 8902356 4485
785 8906841 7014
784 8913855 8068
783 8921923 1251
782 8923174 976
781 8924150 2466
780 8926616 3278
779 8929894 3677
778 8933571 3302
777 8936873 3488
776 8940361 968
775 8941329 3997
774 8945326 1353
772 8946679 2230
771 8948909 5056
770 8953965 3388
769 8957353 1849
768 8959202 3803
767 8963005 3868
766 8966873 2509
765 8969382 6501
764 8975883 7894
763 8983777 4458
762 8988235 3047
761 8991282 14785
760 9006067 5693
759 9011760 3796
758 9015556 2708
757 9018264 9633
756 9027897 9582
754 9037479 4058
753 9041537 6944
752 9048481 8030
750 9056511 2965
749 9059476 1031
748 9060507 7619
747 9068126 7566
746 9075692 10591
745 9086283 3056
744 9089339 1062
743 9090401 2902
741 9093303 6639
740 9099942 7601
739 9107543 2404
738 9109947 5411
737 9115358 8340
736 9123698 8139
735 9131837 4193
734 9136030 619
733 9136649 2800
732 9139449 8492
731 9147941 8579
730 9156520 7056
729 9163576 3251
728 9166827 4266
727 9171093 4813
726 9175906 3859
725 9179765 2395
724 9182160 2731
723 9184891 4597
722 9189488 3868
721 9193356 9022
720 9202378 6428
719 9208806 1799
717 9210605 7062
715 9217667 5690
714 9223357 8641
713 9231998 8204
712 9240202 7920
710 9248122 3395
709 9251517 3508
708 9255025 8519
707 9263544 1607
706 9265151 3113
705 9268264 2098
704 9270362 2689
703 9273051 1492
702 9274543 6361
701 9280904 3695
700 9284599 3344
699 9287943 1486
698 9289429 21947
697 9311376 4730
696 9316106 2331
695 9318437 2529
694 9320966 4805
692 9325771 4741
691 9330512 4794
690 9335306 4394
689 9339700 3619
688 9343319 6031
687 9349350 5959
686 9355309 6085
685 9361394 5234
684 9366628 5225
683 9371853 7087
682 9378940 9838
681 9388778 21642
680 9410420 7750
679 9418170 2299
678 9420469 3987
677 9424456 3824
676 9428280 3601
675 9431881 9475
674 9441356 6763
673 9448119 8314
672 9456433 4711
671 9461144 2832
670 9463976 2534
669 9466510 3593
667 9470103 3778
666 9473881 15002
665 9488883 3125
664 9492008 2521
663 9494529 1995
662 9496524 5357
661 9501881 2164
660 9504045 3477
658 9507522 12990
656 9520512 14628
655 9535140 3579
654 9538719 2581
653 9541300 1634
652 9542934 2224
651 9545158 3374
650 9548532 5115
649 9553647 17065
647 9570712 2819
645 9573531 3746
644 9577277 4018
643 9581295 22296
642 9603591 22519
640 9626110 5210
638 9631320 2748
637 9634068 4550
636 9638618 4108
635 9642726 1922
634 9644648 3684
633 9648332 4699
632 9653031 7266
631 9660297 6512
630 9666809 2387
627 9669196 4141
626 9673337 17575
625 9690912 2791
624 9693703 2526
623 9696229 3218
622 9699447 2303
621 9701750 7451
620 9709201 2285
619 9711486 5308
618 9716794 5939
615 9722733 2086
614 9724819 7360
612 9732179 4782
611 9736961 13060
610 9750021 2532
609 9752553 2920
607 9755473 2744
604 9758217 6081
603 9764298 5043
602 9769341 16022
601 9785363 3055
600 9788418 5336
597 9793754 9190
596 9802944 3637
595 9806581 4688
594 9811269 2484
593 9813753 2336
592 9816089 5682
591 9821771 4551
590 9826322 1883
588 9828205 4279
587 9832484 13920
586 9846404 3135
585 9849539 2271
584 9851810 2534
583 9854344 2925
582 9857269 6256
581 9863525 1995
580 9865520 4702
579 9870222 4224
578 9874446 7473
577 9881919 5764
576 9887683 21313
575 9908996 2980
574 9911976 3863
573 9915839 2709
572 9918548 3090
571 9921638 4435
570 9926073 3066
569 9929139 2365
568 9931504 1987
567 9933491 7671
566 9941162 2717
564 9943879 3984
563 9947863 3338
562 9951201 29563
561 9980764 5248
560 9986012 6697
559 9992709 6886
558 9999595 7151
557 10006746 5217
556 10011963 5655
555 10017618 9046
554 10026664 4299
553 10030963 3049
552 10034012 5612
551 10039624 5307
550 10044931 9829
549 10054760 13066
548 10067826 2146
547 10069972 4645
546 10074617 17193
545 10091810 4298
544 10096108 2306
542 10098414 16591
541 10115005 4223
256 10119228 4440
255 10123668 1962
254 10125630 34055
243 10159685 7350
241 10167035 3261
240 10170296 5655
239 10175951 5112
238 10181063 1880
236 10182943 15738
234 10198681 4696
233 10203377 1979
232 10205356 24000
231 10229356 3349
230 10232705 3991
229 10236696 4194
228 10240890 5057
227 10245947 4954
226 10250901 4972
225 10255873 2037
224 10257910 24370
213 10282280 4587
211 10286867 3408
210 10290275 11428
209 10301703 4811
208 10306514 8080
207 10314594 8873
206 10323467 14346
204 10337813 2029
203 10339842 16827
202 10356669 4226
201 10360895 4001
200 10364896 3999
199 10368895 18375
198 10387270 2821
197 10390091 2369
196 10392460 3032
195 10395492 1635
194 10397127 543
193 10397670 13760
192 10411430 1890
191 10413320 3348
190 10416668 1830
189 10418498 2417
188 10420915 6573
187 10427488 596
186 10428084 1414
185 10429498 4170
184 10433668 2694
183 10436362 1859
182 10438221 3037
181 10441258 1239
180 10442497 1821
179 10444318 7682
178 10452000 19458
177 10471458 2075
176 10473533 6744
175 10480277 5487
174 10485764 5670
173 10491434 5612
172 10497046 8961
171 10506007 962
170 10506969 1707
169 10508676 1770
168 10510446 1565
167 10512011 2663
166 10514674 6888
165 10521562 2969
164 10524531 1870
163 10526401 918
162 10527319 1962
161 10529281 1222
160 10530503 2948
158 10533451 2201
157 10535652 359
156 10536011 1522
155 10537533 1211
154 10538744 6783
153 10545527 5811
152 10551338 2083
151 10553421 3621
149 10557042 5508
148 10562550 1421
147 10563971 1039
146 10565010 2879
145 10567889 2686
143 10570575 3150
142 10573725 1569
141 10575294 2081
140 10577375 6250
139 10583625 1993
138 10585618 2237
137 10587855 1627
136 10589482 2605
135 10592087 8776
134 10600863 1201
133 10602064 3003
132 10605067 910
131 10605977 1497
130 10607474 2778
129 10610252 926
128 10611178 1446
127 10612624 2791
58 10615415 530
57 10615945 2323
56 10618268 1948
55 10620216 2582
54 10622798 2807
53 10625605 1188
52 10626793 7130
51 10633923 3047
50 10636970 5312
49 10642282 7781
48 10650063 8565
47 10658628 2897
46 10661525 4722
45 10666247 1511
44 10667758 1489
43 10669247 1785
42 10671032 3581
41 10674613 2587
40 10677200 4582
39 10681782 9459
38 10691241 1370
37 10692611 4400
36 10697011 1988
35 10698999 3668
34 10702667 5586
33 10708253 3129
32 10711382 1637
30 10713019 9862
12 10722881 3885
8 10726766 483
7 10727249 7931
6 10735180 3693
5 10738873 7272
4 10746145 1837
3 10747982 11012
2 10758994 5323
1 10764317 7829
0 10772146 5136
13 10777282 755
14 10778037 877
15 10778914 5678
16 10784592 1490
17 10786082 2144
18 10788226 2624
19 10790850 3672
20 10794522 3276
21 10797798 2086
22 10799884 4832
23 10804716 10148
24 10814864 593
25 10815457 3170
26 10818627 3459
27 10822086 5320
28 10827406 3769
59 10831175 5875
60 10837050 523
61 10837573 2079
62 10839652 6631
63 10846283 5886
64 10852169 2524
65 10854693 3078
66 10857771 8945
67 10866716 3620
69 10870336 3038
70 10873374 8954
71 10882328 4044
72 10886372 3391
73 10889763 3642
74 10893405 1459
75 10894864 4480
76 10899344 1026
77 10900370 1780
78 10902150 5600
79 10907750 2099
80 10909849 1800
81 10911649 15858
82 10927507 5937
83 10933444 2258
84 10935702 2622
85 10938324 5407
86 10943731 3926
87 10947657 13775
88 10961432 3830
89 10965262 1841
90 10967103 3631
91 10970734 6598
92 10977332 2953
93 10980285 563
94 10980848 4694
95 10985542 4560
96 10990102 2714
97 10992816 4741
98 10997557 2162
99 10999719 744
100 11000463 1958
101 11002421 1564
102 11003985 2563
103 11006548 2010
104 11008558 3755
105 11012313 945
106 11013258 1210
107 11014468 1929
108 11016397 1435
109 11017832 3814
110 11021646 5721
111 11027367 2243
112 11029610 2905
113 11032515 1507
114 11034022 5753
115 11039775 2661
116 11042436 1290
117 11043726 1268
118 11044994 1337
119 11046331 7958
120 11054289 1709
121 11055998 2833
122 11058831 1245
123 11060076 1415
124 11061491 5127
125 11066618 3044
126 11069662 1299
258 11070961 4168
259 11075129 2269
260 11077398 21477
261 11098875 5184
262 11104059 4802
264 11108861 2209
265 11111070 4536
266 11115606 4301
267 11119907 5646
268 11125553 4339
269 11129892 22551
270 11152443 4712
271 11157155 3926
272 11161081 5097
273 11166178 2144
274 11168322 4587
275 11172909 5421
276 11178330 5550
277 11183880 3139
278 11187019 5170
279 11192189 5606
280 11197795 6216
281 11204011 3478
282 11207489 5249
283 11212738 4750
285 11217488 3791
286 11221279 6853
287 11228132 4837
289 11232969 2299
290 11235268 25043
291 11260311 4782
293 11265093 9500
295 11274593 4185
296 11278778 4336
297 11283114 3931
298 11287045 5934
299 11292979 24238
300 11317217 2333
301 11319550 5157
303 11324707 5472
304 11330179 3989
305 11334168 3313
306 11337481 3876
307 11341357 4623
308 11345980 4902
309 11350882 19097
310 11369979 2340
311 11372319 4721
312 11377040 8032
313 11385072 7919
314 11392991 2855
315 11395846 5072
316 11400918 7578
317 11408496 5104
328 11413600 23900
330 11437500 3825
331 11441325 6752
332 11448077 4753
333 11452830 4976
334 11457806 3500
335 11461306 15596
337 11476902 4033
338 11480935 4100
339 11485035 2159
340 11487194 4607
341 11491801 9072
342 11500873 4152
343 11505025 4542
344 11509567 4599
345 11514166 3024
346 11517190 9023
347 11526213 8263
349 11534476 3781
351 11538257 5203
352 11543460 4905
353 11548365 19077
354 11567442 4775
355 11572217 6406
356 11578623 2728
357 11581351 3432
359 11584783 2807
360 11587590 11017
361 11598607 4478
372 11603085 22478
373 11625563 2546
374 11628109 4498
375 11632607 4389
376 11636996 5277
377 11642273 2586
378 11644859 4379
379 11649238 3724
380 11652962 4354
381 11657316 6256
382 11663572 27018
383 11690590 2535
384 11693125 5349
387 11698474 5172
388 11703646 16056
389 11719702 2177
391 11721879 4110
392 11725989 3192
394 11729181 3624
395 11732805 10992
396 11743797 10439
397 11754236 5481
398 11759717 13148
408 11772865 6729
409 11779594 4965
410 11784559 32163
411 11816722 2270
412 11818992 13212
413 11832204 11110
414 11843314 7216
415 11850530 3639
416 11854169 12622
418 11866791 2957
419 11869748 8504
420 11878252 2726
421 11880978 3302
422 11884280 2297
423 11886577 4461
424 11891038 16519
425 11907557 2343
426 11909900 4314
427 11914214 7329
429 11921543 1987
430 11923530 5660
431 11929190 21931
433 11951121 1961
434 11953082 2478
436 11955560 18705
437 11974265 4333
438 11978598 6593
439 11985191 9953
440 11995144 4696
441 11999840 4516
443 12004356 1959
444 12006315 6817
445 12013132 2769
446 12015901 5097
447 12020998 3350
448 12024348 7251
449 12031599 3655
451 12035254 7090
452 12042344 4680
453 12047024 5751
454 12052775 4428
456 12057203 22688
459 12079891 13558
460 12093449 2103
461 12095552 2098
462 12097650 2193
464 12099843 1757
465 12101600 19699
466 12121299 4527
468 12125826 4789
469 12130615 2722
471 12133337 2289
473 12135626 2424
474 12138050 3019
475 12141069 23021
476 12164090 4550
477 12168640 7368
478 12176008 2294
479 12178302 4115
480 12182417 2025
481 12184442 2072
483 12186514 6203
484 12192717 5898
485 12198615 4436
486 12203051 4794
488 12207845 3909
489 12211754 4886
490 12216640 4609
491 12221249 24796
493 12246045 4165
494 12250210 4165
495 12254375 4679
496 12259054 2708
497 12261762 2291
498 12264053 2481
499 12266534 2481
500 12269015 2915
501 12271930 16879
502 12288809 4526
504 12293335 2148
505 12295483 8404
506 12303887 2451
508 12306338 2849
510 12309187 20731
511 12329918 5480
512 12335398 4215
513 12339613 10193
514 12349806 10971
515 12360777 2334
518 12363111 5274
519 12368385 4101
520 12372486 6671
521 12379157 6879
522 12386036 3526
523 12389562 4269
524 12393831 3221
525 12397052 4830
526 12401882 2004
527 12403886 5172
528 12409058 24043
529 12433101 2246
530 12435347 4037
533 12439384 2466
534 12441850 15656
535 12457506 2307
537 12459813 4255
538 12464068 2746
539 12466814 2541
540 12469355 21516
1109 12490871 7832
1110 12498703 1424
1111 12500127 1778
1112 12501905 2252
1113 12504157 3414
1114 12507571 1892
1115 12509463 2108
1116 12511571 6051
1117 12517622 2082
1118 12519704 1463
1119 12521167 1113
1120 12522280 3184
1121 12525464 6315
1122 12531779 1966
1123 12533745 2398
1124 12536143 2615
1125 12538758 2619
1126 12541377 3609
1127 12544986 1383
1128 12546369 8502
1129 12554871 3916
1130 12558787 1462
1131 12560249 10416
1133 12570665 7191
1135 12577856 3366
1136 12581222 6502
1137 12587724 4379
1138 12592103 4668
1139 12596771 3000
1140 12599771 1315
1141 12601086 3074
1142 12604160 1963
1143 12606123 1676
1144 12607799 1722
1145 12609521 3354
1146 12612875 2071
1147 12614946 2136
1148 12617082 990
1149 12618072 1900
1150 12619972 3964
1151 12623936 2199
1152 12626135 5399
1153 12631534 1751
1154 12633285 1897
1155 12635182 2551
1156 12637733 2201
1157 12639934 2386
1158 12642320 2193
1159 12644513 1800
1160 12646313 2390
1162 12648703 4961
1164 12653664 13682
1165 12667346 5379
1166 12672725 983
1167 12673708 14512
1168 12688220 1861
1169 12690081 1594
1170 12691675 1078
1171 12692753 1488
1172 12694241 1765
1173 12696006 6085
1174 12702091 2989
1175 12705080 3085
1176 12708165 2393
1177 12710558 1961
1178 12712519 2851
1179 12715370 5410
1180 12720780 15387
1181 12736167 7246
1182 12743413 3362
1183 12746775 3241
1184 12750016 2547
1185 12752563 2955
1186 12755518 1349
1187 12756867 2304
1188 12759171 5280
1189 12764451 1618
1190 12766069 1303
1192 12767372 1991
1194 12769363 2610
1195 12771973 2035
1196 12774008 1502
1197 12775510 1496
1198 12777006 1401
1199 12778407 2497
1200 12780904 4329
1201 12785233 5473
1202 12790706 3029
1203 12793735 2755
1204 12796490 3754
1205 12800244 2136
1206 12802380 4020
1207 12806400 13151
1208 12819551 2527
1209 12822078 1931
1210 12824009 3635
1211 12827644 3878
1212 12831522 3888
1213 12835410 1909
1214 12837319 5451
1215 12842770 6889
1216 12849659 2521
1217 12852180 4595
1218 12856775 6989
1219 12863764 1516
1220 12865280 2467
1221 12867747 2674
1222 12870421 809
1223 12871230 5374
1224 12876604 282
1225 12876886 851
1226 12877737 3590
1227 12881327 5885
1228 12887212 1251
1229 12888463 1398
1232 12889861 2400
1233 12892261 2216
1234 12894477 3790
1235 12898267 4044
1236 12902311 918
1237 12903229 2951
1238 12906180 1153
1239 12907333 1797
1240 12909130 2016
1241 12911146 3140
1242 12914286 7157
1243 12921443 8626
1244 12930069 3980
1245 12934049 4011
1246 12938060 4641
1247 12942701 3911
1250 12946612 4218
1251 12950830 2722
1252 12953552 1718
1253 12955270 1080
1254 12956350 4054
1255 12960404 3890
1256 12964294 2904
1257 12967198 1292
1258 12968490 3180
1259 12971670 7705
1260 12979375 19088
1261 12998463 2211
1262 13000674 3799
1263 13004473 1649
1264 13006122 4267
1265 13010389 5135
1266 13015524 8868
1267 13024392 3158
1268 13027550 13385
1269 13040935 3759
1271 13044694 6389
1272 13051083 8725
1273 13059808 5782
1274 13065590 2181
1275 13067771 4989
1276 13072760 1216
1277 13073976 3878
1278 13077854 6379
1279 13084233 1667
1280 13085900 3454
1281 13089354 2820
1282 13092174 6295
1284 13098469 1803
1285 13100272 6769
1286 13107041 3676
1287 13110717 10449
1288 13121166 6995
1289 13128161 4577
1290 13132738 3539
1291 13136277 6467
1292 13142744 9653
1293 13152397 1607
1294 13154004 2760
1296 13156764 4574
1297 13161338 8728
1298 13170066 1600
1299 13171666 4824
1300 13176490 5003
1301 13181493 6548
1307 13188041 8653
1308 13196694 4044
1309 13200738 7540
1310 13208278 38444
1312 13246722 17880
1313 13264602 5299
1314 13269901 2777
1315 13272678 10549
1316 13283227 3791
1317 13287018 4736
1318 13291754 5416
1319 13297170 4834
1320 13302004 5254
1321 13307258 6734
1322 13313992 6493
1323 13320485 4687
1324 13325172 4158
1325 13329330 8961
1326 13338291 8413
1327 13346704 5491
1328 13352195 4280
1329 13356475 7452
1330 13363927 7913
1331 13371840 5656
1333 13377496 4473
1334 13381969 4968
1342 13386937 6341
1345 13393278 3483
1350 13396761 4252
1351 13401013 8227
1352 13409240 7871
1353 13417111 8011
1354 13425122 7318
1355 13432440 1637
1356 13434077 5260
1358 13439337 4611
1359 13443948 9457
1360 13453405 5317
1365 13458722 5557
1372 13464279 18439
1374 13482718 5372
1375 13488090 3407
1376 13491497 11473
1377 13502970 7885
1381 13510855 2135
1382 13512990 2855
1383 13515845 3668
1385 13519513 19785
1387 13539298 4306
1388 13543604 3530
1389 13547134 12573
1390 13559707 6793
1391 13566500 25795
1392 13592295 11236
1393 13603531 7103
1395 13610634 5956
1396 13616590 6360
1397 13622950 23599
1400 13646549 1623
1402 13648172 2820
1403 13650992 947
1404 13651939 1124
1405 13653063 15559
1406 13668622 6432
1407 13675054 13963
1408 13689017 736
1410 13689753 2051
1411 13691804 2608
1412 13694412 2784
1413 13697196 1777
1414 13698973 20051
1415 13719024 9038
1416 13728062 3571
1417 13731633 3553
1418 13735186 3394
1420 13738580 3361
1421 13741941 429
1422 13742370 2546
1423 13744916 2908
1426 13747824 4107
1428 13751931 2968
1429 13754899 928
1432 13755827 3845
1434 13759672 28635
1435 13788307 4213
1436 13792520 7388
1437 13799908 9330
1438 13809238 30299
1439 13839537 19682
1440 13859219 937
1441 13860156 615
1442 13860771 2311
1443 13863082 1613
1444 13864695 4964
1445 13869659 3314
1446 13872973 4047
1447 13877020 2499
1448 13879519 4590
1449 13884109 1143
1450 13885252 2002
1451 13887254 668
1452 13887922 420
1453 13888342 9918
1454 13898260 2299
1455 13900559 852
1457 13901411 3541
1458 13904952 930
1459 13905882 2584
1460 13908466 3122
1461 13911588 329
1462 13911917 7207
1463 13919124 19030
1464 13938154 5701
1465 13943855 1301
1466 13945156 2178
1467 13947334 2346
1468 13949680 2607
1471 13952287 8998
1472 13961285 3646
1474 13964931 2357
1475 13967288 22094
1476 13989382 851
1477 13990233 394
1478 13990627 1150
1479 13991777 3843
1480 13995620 1134
1481 13996754 3537
1482 14000291 3249
1483 14003540 1564
1484 14005104 1333
1485 14006437 2003
1486 14008440 2156
1488 14010596 1312
1489 14011908 3894
1490 14015802 551
1491 14016353 6469
1492 14022822 2573
1493 14025395 3671
1494 14029066 819
1495 14029885 1270
1496 14031155 2416
1497 14033571 688
1498 14034259 787
1499 14035046 5016
1500 14040062 1978
1501 14042040 3125
1502 14045165 2460
1503 14047625 7796
1504 14055421 2673
1505 14058094 2024
1506 14060118 6227
1507 14066345 4255
1508 14070600 4375
1509 14074975 3844
1510 14078819 6897
1511 14085716 3614
1512 14089330 3294
1513 14092624 4634
1514 14097258 5276
1515 14102534 4453
1516 14106987 3429
1517 14110416 4131
1518 14114547 1149
1519 14115696 7957
1520 14123653 4581
1521 14128234 4399
1522 14132633 4384
1523 14137017 4096
1524 14141113 5574
1525 14146687 7808
1526 14154495 2356
1527 14156851 2137
1528 14158988 2960
1529 14161948 2954
1530 14164902 4624
1531 14169526 5439
1532 14174965 3178
1533 14178143 4098
1534 14182241 5464
1535 14187705 4692
1536 14192397 5128
1537 14197525 2500
1538 14200025 2738
1539 14202763 2978
1540 14205741 8272
1541 14214013 1238
1542 14215251 780
1544 14216031 4158
1545 14220189 3354
1546 14223543 1554
1547 14225097 9959
1548 14235056 3078
1549 14238134 8765
1550 14246899 3943
1551 14250842 5255
1552 14256097 4942
1553 14261039 8594
1554 14269633 4807
1555 14274440 3930
1556 14278370 531
1557 14278901 4690
1558 14283591 4404
1559 14287995 3824
1560 14291819 5835
1561 14297654 7227
1562 14304881 6479
1563 14311360 2583
1564 14313943 3370
1565 14317313 977
1566 14318290 22921
1567 14341211 18591
1568 14359802 2593
1569 14362395 8487
1570 14370882 1656
1571 14372538 2404
1572 14374942 7146
1573 14382088 3349
1574 14385437 11018
1575 14396455 2885
1576 14399340 3521
1577 14402861 3232
1578 14406093 4846
1579 14410939 7275
1580 14418214 6913
1581 14425127 6202
1582 14431329 1084
1583 14432413 2795
1584 14435208 3456
1585 14438664 1056
1586 14439720 2441
1587 14442161 1563
1588 14443724 6354
1589 14450078 13635
1590 14463713 2107
1591 14465820 12963
1592 14478783 6480
1593 14485263 2888
1594 14488151 5042
1595 14493193 1973
1596 14495166 9055
1597 14504221 6574
1598 14510795 2490
1599 14513285 6432
1600 14519717 2702
1601 14522419 722
1602 14523141 5959
1603 14529100 3335
1604 14532435 8952
1605 14541387 4012
1606 14545399 2050
1607 14547449 3431
1608 14550880 7597
1609 14558477 2641
1610 14561118 2738
1611 14563856 9669
1612 14573525 19274
1613 14592799 3117
1614 14595916 2754
1615 14598670 5377
1616 14604047 2262
1617 14606309 4268
1618 14610577 6543
1619 14617120 971
1620 14618091 4890
1621 14622981 8217
1622 14631198 5356
1623 14636554 6687
1624 14643241 931
1625 14644172 3796
1626 14647968 2960
1627 14650928 3589
1628 14654517 2551
1629 14657068 3711
1630 14660779 4697
1631 14665476 9641
1632 14675117 9642
1633 14684759 11540
1634 14696299 2164
1635 14698463 4801
1636 14703264 3029
1637 14706293 1659
1638 14707952 5797
1639 14713749 2042
1640 14715791 1934
1641 14717725 8403
1642 14726128 8806
1643 14734934 2769
1644 14737703 4492
1645 14742195 3159
1646 14745354 1943
1647 14747297 10649
1648 14757946 6293
1649 14764239 4786
1650 14769025 5317
1651 14774342 1319
1652 14775661 1867
1653 14777528 3616
1655 14781144 3715
1656 14784859 2532
1657 14787391 7693
1658 14795084 7016
1659 14802100 6499
1660 14808599 8807
1661 14817406 3164
1662 14820570 2824
1663 14823394 1857
1664 14825251 7074
1665 14832325 3425
1666 14835750 2664
1667 14838414 1164
1668 14839578 11632
1669 14851210 10854
1670 14862064 9915
1671 14871979 6946
1672 14878925 8908
1673 14887833 2282
1674 14890115 515
1675 14890630 2782
1676 14893412 618
1678 14894030 4313
1679 14898343 2335
1680 14900678 9200
1681 14909878 6534
1682 14916412 1575
1683 14917987 7427
1684 14925414 2746
1685 14928160 7697
1686 14935857 4488
1687 14940345 2953
1688 14943298 6323
1689 14949621 9267
1690 14958888 2987
1691 14961875 4399
1692 14966274 3911
1693 14970185 1729
1694 14971914 6531
1695 14978445 5488
1696 14983933 5247
1697 14989180 8043
1698 14997223 1851
1699 14999074 2833
1700 15001907 2686
1701 15004593 2754
1702 15007347 1926
1703 15009273 2445
1704 15011718 7171
1705 15018889 1563
1706 15020452 1148
1707 15021600 1148
1708 15022748 1146
1716 15023894 1129
1717 15025023 8089
1718 15033112 5555
1719 15038667 1329
1720 15039996 2013
1721 15042009 4764
1722 15046773 6794
1723 15053567 8195
1724 15061762 3925
1726 15065687 1253
1727 15066940 8865
1728 15075805 6025
1729 15081830 2069
1730 15083899 4464
1731 15088363 1951
1733 15090314 2409
1734 15092723 1277
1735 15094000 2930
1736 15096930 2164
1737 15099094 3021
1740 15102115 2603
1741 15104718 1521
1742 15106239 3416
1743 15109655 1663
1744 15111318 6381
1745 15117699 2475
1746 15120174 2162
1747 15122336 5081
1748 15127417 8577
1749 15135994 5199
1752 15141193 1460
1753 15142653 2475
1754 15145128 2371
1755 15147499 1829
1756 15149328 3512
1758 15152840 3936
1760 15156776 446
1763 15157222 2471
1764 15159693 2093
1765 15161786 2441
1766 15164227 2665
1768 15166892 8007
1769 15174899 5239
1770 15180138 5957
1771 15186095 4569
1772 15190664 2505
1773 15193169 2493
1774 15195662 7424
1781 15203086 1787
1782 15204873 1930
1783 15206803 640
1784 15207443 487
1785 15207930 610
1786 15208540 2582
1787 15211122 2524
1788 15213646 1927
1789 15215573 5779
1790 15221352 2042
1791 15223394 3830
1794 15227224 2393
1795 15229617 1583
1796 15231200 3018
1797 15234218 1785
1798 15236003 8316
1799 15244319 1705
1800 15246024 9664
1801 15255688 2031
1803 15257719 2657
1804 15260376 3199
1806 15263575 3474
1807 15267049 8390
1809 15275439 1738
1810 15277177 1065
1812 15278242 1067
1813 15279309 1380
1814 15280689 5372
1815 15286061 5004
1816 15291065 2163
1817 15293228 1750
1818 15294978 4028
1819 15299006 2331
1820 15301337 2268
1823 15303605 1486
1824 15305091 4291
1825 15309382 1275
1826 15310657 1243
1827 15311900 1420
1828 15313320 1697
1829 15315017 5195
1830 15320212 2534
1831 15322746 1384
1833 15324130 10936
1839 15335066 7043
1840 15342109 1875
1841 15343984 7301
1842 15351285 3343
1843 15354628 1930
1844 15356558 12898
1846 15369456 4687
1848 15374143 2484
1849 15376627 2331
1850 15378958 2163
1852 15381121 1390
1854 15382511 1179
1855 15383690 681
1856 15384371 4769
1858 15389140 1304
1859 15390444 911
1861 15391355 3125
1862 15394480 1904
1863 15396384 2887
1864 15399271 980
1865 15400251 1330
1866 15401581 1365
1867 15402946 537
1870 15403483 4967
1871 15408450 3254
1872 15411704 2220
1873 15413924 869
1874 15414793 795
1875 15415588 1254
1877 15416842 1600
1878 15418442 777
1879 15419219 1694
1880 15420913 12988
1881 15433901 563
1882 15434464 1851
1883 15436315 2481
1884 15438796 2332
1885 15441128 2697
1886 15443825 1659
1887 15445484 631
1888 15446115 2170
1889 15448285 2206
1890 15450491 2210
1891 15452701 2333
1892 15455034 2145
1893 15457179 491
1894 15457670 2438
1895 15460108 1243
1896 15461351 3111
1897 15464462 1569
1898 15466031 716
1899 15466747 1054
1900 15467801 6593
1901 15474394 8171
1902 15482565 3667
1903 15486232 4990
1904 15491222 3464
1905 15494686 1882
1906 15496568 997
1907 15497565 1416
1908 15498981 1163
1909 15500144 2104
1910 15502248 1304
1911 15503552 1743
1912 15505295 1807
1913 15507102 2183
1914 15509285 1809
1915 15511094 7660
1916 15518754 18312
1917 15537066 3866
1918 15540932 4398
1919 15545330 3345
1920 15548675 3554
1921 15552229 10446
1922 15562675 4070
1923 15566745 1224
1924 15567969 887
1925 15568856 1499
1926 15570355 966
1927 15571321 1974
1928 15573295 4433
1929 15577728 1637
1930 15579365 6238
1931 15585603 7645
1932 15593248 1988
1933 15595236 4004
1934 15599240 2668
1935 15601908 4766
1936 15606674 8753
1937 15615427 4954
1938 15620381 7982
1939 15628363 4792
1940 15633155 10004
1941 15643159 2183
1942 15645342 1606
1943 15646948 2078
1944 15649026 1859
1945 15650885 2432
1946 15653317 2896
1947 15656213 2578
1948 15658791 13309
1949 15672100 2479
1950 15674579 2214
1952 15676793 3064
1953 15679857 1535
1954 15681392 10108
1955 15691500 9588
1956 15701088 4710
1957 15705798 7008
1958 15712806 3644
1959 15716450 3417
1960 15719867 2855
1961 15722722 5886
1962 15728608 3092
1963 15731700 5837
1964 15737537 4781
1965 15742318 13653
1966 15755971 3833
1967 15759804 2972
1968 15762776 1590
1969 15764366 8087
1970 15772453 5682
1971 15778135 12475
1972 15790610 3824
1973 15794434 2177
1974 15796611 5476
1975 15802087 5846
1976 15807933 7930
1977 15815863 10145
1978 15826008 3587
1979 15829595 3391
1980 15832986 2187
1982 15835173 3786
1983 15838959 1997
1984 15840956 1468
1985 15842424 7381
1986 15849805 1029
1987 15850834 953
1988 15851787 1614
1989 15853401 3281
1990 15856682 1834
1991 15858516 4034
1993 15862550 4024
1994 15866574 1394
1995 15867968 4929
1996 15872897 2611
1997 15875508 1762
1998 15877270 1985
1999 15879255 1494
2000 15880749 5109
2001 15885858 9800
2002 15895658 1661
2003 15897319 750
2004 15898069 735
2005 15898804 2929
2006 15901733 1879
2007 15903612 2320
2008 15905932 3185
2009 15909117 2901
2010 15912018 2964
2011 15914982 3016
2012 15917998 2434
2013 15920432 2477
2014 15922909 2546
2015 15925455 862
2016 15926317 1604
2017 15927921 5838
2018 15933759 2574
2019 15936333 1296
2020 15937629 2053
2021 15939682 1588
2022 15941270 2900
2023 15944170 5811
2024 15949981 1191
2025 15951172 2830
2026 15954002 1840
2027 15955842 1233
2028 15957075 1117
2029 15958192 1774
2030 15959966 5988
2031 15965954 1810
2032 15967764 3436
2033 15971200 1591
2034 15972791 621
2035 15973412 2712
2036 15976124 895
2037 15977019 5763
2038 15982782 5213
2039 15987995 1609
2040 15989604 760
2041 15990364 789
2042 15991153 2493
2043 15993646 5808
2044 15999454 3741
2045 16003195 3711
2046 16006906 3669
2050 16010575 4050
2054 16014625 3834
2055 16018459 3753
2056 16022212 3792
2057 16026004 3810
2061 16029814 631
2062 16030445 5822
2063 16036267 693
2064 16036960 2813
2065 16039773 2864
2066 16042637 1089
2067 16043726 1272
2068 16044998 7589
2069 16052587 1481
2070 16054068 2305
2071 16056373 2099
2072 16058472 1466
2073 16059938 980
2074 16060918 1711
2075 16062629 2631
2076 16065260 1918
2077 16067178 17049
2078 16084227 1555
2079 16085782 4856
2080 16090638 2117
2081 16092755 2828
2082 16095583 6282
2083 16101865 542
2084 16102407 4042
2085 16106449 2044
2086 16108493 1221
2087 16109714 4661
2088 16114375 862
2089 16115237 2126
2090 16117363 1904
2091 16119267 4185
2092 16123452 4698
2093 16128150 9228
2094 16137378 4139
2095 16141517 2715
2096 16144232 853
2097 16145085 818
2098 16145903 905
2099 16146808 1049
2100 16147857 7407
2101 16155264 1300
2102 16156564 1078
2103 16157642 9080
2104 16166722 11249
2105 16177971 9230
2106 16187201 15992
2107 16203193 8720
2108 16211913 8412
2109 16220325 7329
2110 16227654 11280
2111 16238934 19507
2112 16258441 13557
2113 16271998 5485
2114 16277483 493
2115 16277976 827
2116 16278803 3197
2117 16282000 7343
2118 16289343 540
2119 16289883 1538
2120 16291421 3460
2121 16294881 2098
2122 16296979 9164
2123 16306143 8024
2124 16314167 8567
2125 16322734 4692
2126 16327426 2690
2127 16330116 4084
2129 16334200 7147
2130 16341347 3408
2131 16344755 2835
2132 16347590 674
2133 16348264 1053
2134 16349317 1641
2135 16350958 6679
2136 16357637 1349
2137 16358986 11446
2138 16370432 6349
2139 16376781 4434
2140 16381215 25807
2141 16407022 3751
2142 16410773 5144
2143 16415917 8407
2144 16424324 9774
2145 16434098 4634
2147 16438732 9600
2148 16448332 12848
2149 16461180 4693
2150 16465873 10955
2151 16476828 6275
2152 16483103 5112
2153 16488215 1758
2154 16489973 3817
2155 16493790 4768
2156 16498558 3711
2157 16502269 10719
2158 16512988 9909
2159 16522897 6851
2160 16529748 6112
2162 16535860 5808
2163 16541668 4101
2164 16545769 3910
2165 16549679 3506
2166 16553185 3845
2167 16557030 3335
2168 16560365 12279
2169 16572644 12846
2170 16585490 4232
2171 16589722 2864
2172 16592586 5575
2173 16598161 15909
2174 16614070 4296
2175 16618366 720
2176 16619086 1205
2177 16620291 4413
2178 16624704 4387
2179 16629091 2092
2180 16631183 13041
2182 16644224 8837
2183 16653061 7750
2184 16660811 10701
2186 16671512 7008
2187 16678520 8951
2188 16687471 2345
2189 16689816 8167
2190 16697983 8299
2191 16706282 3900
2192 16710182 5760
2195 16715942 13747
2197 16729689 532
2198 16730221 1536
2199 16731757 3091
2200 16734848 1485
2202 16736333 1209
2203 16737542 1785
2204 16739327 4526
2205 16743853 1082
2206 16744935 4229
2207 16749164 1832
2208 16750996 2154
2210 16753150 4964
2211 16758114 2590
2212 16760704 2608
2213 16763312 368
2214 16763680 1534
2215 16765214 1507
2216 16766721 2196
2217 16768917 1500
2218 16770417 1088
2219 16771505 2674
2220 16774179 1016
2221 16775195 336
2222 16775531 4584
2223 16780115 1291
2224 16781406 900
2225 16782306 3925
2226 16786231 1347
2227 16787578 3135
2228 16790713 2630
2229 16793343 543
2230 16793886 1296
2231 16795182 1245
2232 16796427 2505
2233 16798932 1204
2236 16800136 1342
2237 16801478 7422
2241 16808900 7016
2243 16815916 1655
2244 16817571 1577
2245 16819148 2026
2246 16821174 1349
2247 16822523 513
2248 16823036 1362
2249 16824398 2304
2250 16826702 4499
2251 16831201 1545
2252 16832746 11565
2253 16844311 2060
2254 16846371 823
2255 16847194 925
2256 16848119 1066
2257 16849185 1831
2258 16851016 722
2259 16851738 11578
2260 16863316 1789
2261 16865105 2971
2262 16868076 3752
2263 16871828 956
2264 16872784 2216
2265 16875000 1235
2266 16876235 4769
2267 16881004 317
2268 16881321 7062
2269 16888383 1049
2270 16889432 1788
2271 16891220 2573
2272 16893793 1491
2273 16895284 1252
2278 16896536 1647
2279 16898183 3002
2280 16901185 1314
2285 16902499 6453
2286 16908952 2698
2287 16911650 450
2288 16912100 4249
2289 16916349 527
2290 16916876 1493
2291 16918369 2132
2292 16920501 2802
2293 16923303 3182
2294 16926485 1382
2295 16927867 1540
2296 16929407 1142
2297 16930549 1457
2298 16932006 2356
2299 16934362 597
2300 16934959 1594
2301 16936553 3088
2302 16939641 1123
2303 16940764 594
2304 16941358 1574
2305 16942932 1651
2306 16944583 1565
2307 16946148 8831
2308 16954979 7772
2309 16962751 4434
2310 16967185 2937
2311 16970122 608
2312 16970730 7696
2313 16978426 4060
2314 16982486 12471
2315 16994957 4893
2316 16999850 2540
2317 17002390 3916
2318 17006306 15866
2319 17022172 6308
2320 17028480 2637
2321 17031117 310
2322 17031427 2366
2323 17033793 3873
2324 17037666 2811
2325 17040477 13560
2326 17054037 7931
2327 17061968 1926
2328 17063894 2797
2329 17066691 1948
2330 17068639 1866
2331 17070505 3458
2332 17073963 2233
2333 17076196 3075
2334 17079271 2008
2335 17081279 1846
2336 17083125 2208
2337 17085333 2924
2338 17088257 2850
2339 17091107 1947
2344 17093054 2621
2345 17095675 3338
2346 17099013 2185
2347 17101198 1928
2348 17103126 1791
2349 17104917 2103
2353 17107020 3024
2354 17110044 2469
2355 17112513 2584
2356 17115097 2349
