0 0 5136
1 5136 7829
2 12965 5323
3 18288 11012
4 29300 1837
5 31137 7272
6 38409 3693
7 42102 7931
8 50033 483
9 50516 5218
10 55734 2500
11 58234 3069
12 61303 3885
13 65188 755
14 65943 877
15 66820 5678
16 72498 1490
17 73988 2144
18 76132 2624
19 78756 3672
20 82428 3276
21 85704 2086
22 87790 4832
23 92622 10148
24 102770 593
25 103363 3170
26 106533 3459
27 109992 5320
28 115312 3769
29 119081 6254
30 125335 9862
31 135197 2081
32 137278 1637
33 138915 3129
34 142044 5586
35 147630 3668
36 151298 1988
37 153286 4400
38 157686 1370
39 159056 9459
40 168515 4582
41 173097 2587
42 175684 3581
43 179265 1785
44 181050 1489
45 182539 1511
46 184050 4722
47 188772 2897
48 191669 8565
49 200234 7781
50 208015 5312
51 213327 3047
52 216374 7130
53 223504 1188
54 224692 2807
55 227499 2582
56 230081 1948
57 232029 2323
58 234352 530
59 234882 5875
60 240757 523
61 241280 2079
62 243359 6631
63 249990 5886
64 255876 2524
65 258400 3078
66 261478 8945
67 270423 3620
68 274043 3897
69 277940 3038
70 280978 8954
71 289932 4044
72 293976 3391
73 297367 3642
74 301009 1459
75 302468 4480
76 306948 1026
77 307974 1780
78 309754 5600
79 315354 2099
80 317453 1800
81 319253 15858
82 335111 5937
83 341048 2258
84 343306 2622
85 345928 5407
86 351335 3926
87 355261 13775
88 369036 3830
89 372866 1841
90 374707 3631
91 378338 6598
92 384936 2953
93 387889 563
94 388452 4694
95 393146 4560
96 397706 2714
97 400420 4741
98 405161 2162
99 407323 744
100 408067 1958
101 410025 1564
102 411589 2563
103 414152 2010
104 416162 3755
105 419917 945
106 420862 1210
107 422072 1929
108 424001 1435
109 425436 3814
110 429250 5721
111 434971 2243
112 437214 2905
113 440119 1507
114 441626 5753
115 447379 2661
116 450040 1290
117 451330 1268
118 452598 1337
119 453935 7958
120 461893 1709
121 463602 2833
122 466435 1245
123 467680 1415
124 469095 5127
125 474222 3044
126 477266 1299
127 478565 2791
128 481356 1446
129 482802 926
130 483728 2778
131 486506 1497
132 488003 910
133 488913 3003
134 491916 1201
135 493117 8776
136 501893 2605
137 504498 1627
138 506125 2237
139 508362 1993
140 510355 6250
141 516605 2081
142 518686 1569
143 520255 3150
144 523405 4062
145 527467 2686
146 530153 2879
147 533032 1039
148 534071 1421
149 535492 5508
150 541000 1649
151 542649 3621
152 546270 2083
153 548353 5811
154 554164 6783
155 560947 1211
156 562158 1522
157 563680 359
158 564039 2201
159 566240 1744
160 567984 2948
161 570932 1222
162 572154 1962
163 574116 918
164 575034 1870
165 576904 2969
166 579873 6888
167 586761 2663
168 589424 1565
169 590989 1770
170 592759 1707
171 594466 962
172 595428 8961
173 604389 5612
174 610001 5670
175 615671 5487
176 621158 6744
177 627902 2075
178 629977 19458
179 649435 7682
180 657117 1821
181 658938 1239
182 660177 3037
183 663214 1859
184 665073 2694
185 667767 4170
186 671937 1414
187 673351 596
188 673947 6573
189 680520 2417
190 682937 1830
191 684767 3348
192 688115 1890
193 690005 13760
194 703765 543
195 704308 1635
196 705943 3032
197 708975 2369
198 711344 2821
199 714165 18375
200 732540 3999
201 736539 4001
202 740540 4226
203 744766 16827
204 761593 2029
205 763622 12331
206 775953 14346
207 790299 8873
208 799172 8080
209 807252 4811
210 812063 11428
211 823491 3408
212 826899 5007
213 831906 4587
214 836493 4191
215 840684 5563
216 846247 3454
217 849701 4297
218 853998 4079
219 858077 6572
220 864649 3808
221 868457 5534
222 873991 3427
223 877418 4507
224 881925 24370
225 906295 2037
226 908332 4972
227 913304 4954
228 918258 5057
229 923315 4194
230 927509 3991
231 931500 3349
232 934849 24000
233 958849 1979
234 960828 4696
235 965524 5354
236 970878 15738
237 986616 10362
238 996978 1880
239 998858 5112
240 1003970 5655
241 1009625 3261
242 1012886 6461
243 1019347 7350
244 1026697 5317
245 1032014 6608
246 1038622 3935
247 1042557 6334
248 1048891 5025
249 1053916 6906
250 1060822 4236
251 1065058 8223
252 1073281 5040
253 1078321 4543
254 1082864 34055
255 1116919 1962
256 1118881 4440
257 1123321 5780
258 1129101 4168
259 1133269 2269
260 1135538 21477
261 1157015 5184
262 1162199 4802
263 1167001 4384
264 1171385 2209
265 1173594 4536
266 1178130 4301
267 1182431 5646
268 1188077 4339
269 1192416 22551
270 1214967 4712
271 1219679 3926
272 1223605 5097
273 1228702 2144
274 1230846 4587
275 1235433 5421
276 1240854 5550
277 1246404 3139
278 1249543 5170
279 1254713 5606
280 1260319 6216
281 1266535 3478
282 1270013 5249
283 1275262 4750
284 1280012 4829
285 1284841 3791
286 1288632 6853
287 1295485 4837
288 1300322 4475
289 1304797 2299
290 1307096 25043
291 1332139 4782
292 1336921 5087
293 1342008 9500
294 1351508 10305
295 1361813 4185
296 1365998 4336
297 1370334 3931
298 1374265 5934
299 1380199 24238
300 1404437 2333
301 1406770 5157
302 1411927 5170
303 1417097 5472
304 1422569 3989
305 1426558 3313
306 1429871 3876
307 1433747 4623
308 1438370 4902
309 1443272 19097
310 1462369 2340
311 1464709 4721
312 1469430 8032
313 1477462 7919
314 1485381 2855
315 1488236 5072
316 1493308 7578
317 1500886 5104
318 1505990 5886
319 1511876 6225
320 1518101 3875
321 1521976 7692
322 1529668 4743
323 1534411 4495
324 1538906 3627
325 1542533 7434
326 1549967 5075
327 1555042 5083
328 1560125 23900
329 1584025 2318
330 1586343 3825
331 1590168 6752
332 1596920 4753
333 1601673 4976
334 1606649 3500
335 1610149 15596
336 1625745 4810
337 1630555 4033
338 1634588 4100
339 1638688 2159
340 1640847 4607
341 1645454 9072
342 1654526 4152
343 1658678 4542
344 1663220 4599
345 1667819 3024
346 1670843 9023
347 1679866 8263
348 1688129 2373
349 1690502 3781
350 1694283 5229
351 1699512 5203
352 1704715 4905
353 1709620 19077
354 1728697 4775
355 1733472 6406
356 1739878 2728
357 1742606 3432
358 1746038 5208
359 1751246 2807
360 1754053 11017
361 1765070 4478
362 1769548 5717
363 1775265 4322
364 1779587 3301
365 1782888 6036
366 1788924 4818
367 1793742 4316
368 1798058 3944
369 1802002 5469
370 1807471 4747
371 1812218 5736
372 1817954 22478
373 1840432 2546
374 1842978 4498
375 1847476 4389
376 1851865 5277
377 1857142 2586
378 1859728 4379
379 1864107 3724
380 1867831 4354
381 1872185 6256
382 1878441 27018
383 1905459 2535
384 1907994 5349
385 1913343 201
386 1913544 184
387 1913728 5172
388 1918900 16056
389 1934956 2177
390 1937133 2542
391 1939675 4110
392 1943785 3192
393 1946977 4201
394 1951178 3624
395 1954802 10992
396 1965794 10439
397 1976233 5481
398 1981714 13148
399 1994862 4807
400 1999669 5752
401 2005421 7630
402 2013051 7853
403 2020904 5383
404 2026287 7500
405 2033787 4513
406 2038300 3542
407 2041842 4472
408 2046314 6729
409 2053043 4965
410 2058008 32163
411 2090171 2270
412 2092441 13212
413 2105653 11110
414 2116763 7216
415 2123979 3639
416 2127618 12622
417 2140240 4463
418 2144703 2957
419 2147660 8504
420 2156164 2726
421 2158890 3302
422 2162192 2297
423 2164489 4461
424 2168950 16519
425 2185469 2343
426 2187812 4314
427 2192126 7329
428 2199455 4374
429 2203829 1987
430 2205816 5660
431 2211476 21931
432 2233407 2336
433 2235743 1961
434 2237704 2478
435 2240182 2847
436 2243029 18705
437 2261734 4333
438 2266067 6593
439 2272660 9953
440 2282613 4696
441 2287309 4516
442 2291825 3862
443 2295687 1959
444 2297646 6817
445 2304463 2769
446 2307232 5097
447 2312329 3350
448 2315679 7251
449 2322930 3655
450 2326585 4930
451 2331515 7090
452 2338605 4680
453 2343285 5751
454 2349036 4428
455 2353464 2237
456 2355701 22688
457 2378389 4676
458 2383065 3851
459 2386916 13558
460 2400474 2103
461 2402577 2098
462 2404675 2193
463 2406868 3031
464 2409899 1757
465 2411656 19699
466 2431355 4527
467 2435882 3838
468 2439720 4789
469 2444509 2722
470 2447231 2523
471 2449754 2289
472 2452043 2996
473 2455039 2424
474 2457463 3019
475 2460482 23021
476 2483503 4550
477 2488053 7368
478 2495421 2294
479 2497715 4115
480 2501830 2025
481 2503855 2072
482 2505927 3849
483 2509776 6203
484 2515979 5898
485 2521877 4436
486 2526313 4794
487 2531107 5378
488 2536485 3909
489 2540394 4886
490 2545280 4609
491 2549889 24796
492 2574685 2291
493 2576976 4165
494 2581141 4165
495 2585306 4679
496 2589985 2708
497 2592693 2291
498 2594984 2481
499 2597465 2481
500 2599946 2915
501 2602861 16879
502 2619740 4526
503 2624266 4529
504 2628795 2148
505 2630943 8404
506 2639347 2451
507 2641798 2935
508 2644733 2849
509 2647582 2909
510 2650491 20731
511 2671222 5480
512 2676702 4215
513 2680917 10193
514 2691110 10971
515 2702081 2334
516 2704415 4588
517 2709003 2920
518 2711923 5274
519 2717197 4101
520 2721298 6671
521 2727969 6879
522 2734848 3526
523 2738374 4269
524 2742643 3221
525 2745864 4830
526 2750694 2004
527 2752698 5172
528 2757870 24043
529 2781913 2246
530 2784159 4037
531 2788196 4306
532 2792502 211
533 2792713 2466
534 2795179 15656
535 2810835 2307
536 2813142 3203
537 2816345 4255
538 2820600 2746
539 2823346 2541
540 2825887 21516
541 2847403 4223
542 2851626 16591
543 2868217 4080
544 2872297 2306
545 2874603 4298
546 2878901 17193
547 2896094 4645
548 2900739 2146
549 2902885 13066
550 2915951 9829
551 2925780 5307
552 2931087 5612
553 2936699 3049
554 2939748 4299
555 2944047 9046
556 2953093 5655
557 2958748 5217
558 2963965 7151
559 2971116 6886
560 2978002 6697
561 2984699 5248
562 2989947 29563
563 3019510 3338
564 3022848 3984
565 3026832 5565
566 3032397 2717
567 3035114 7671
568 3042785 1987
569 3044772 2365
570 3047137 3066
571 3050203 4435
572 3054638 3090
573 3057728 2709
574 3060437 3863
575 3064300 2980
576 3067280 21313
577 3088593 5764
578 3094357 7473
579 3101830 4224
580 3106054 4702
581 3110756 1995
582 3112751 6256
583 3119007 2925
584 3121932 2534
585 3124466 2271
586 3126737 3135
587 3129872 13920
588 3143792 4279
589 3148071 4710
590 3152781 1883
591 3154664 4551
592 3159215 5682
593 3164897 2336
594 3167233 2484
595 3169717 4688
596 3174405 3637
597 3178042 9190
598 3187232 7572
599 3194804 4210
600 3199014 5336
601 3204350 3055
602 3207405 16022
603 3223427 5043
604 3228470 6081
605 3234551 4420
606 3238971 2322
607 3241293 2744
608 3244037 2068
609 3246105 2920
610 3249025 2532
611 3251557 13060
612 3264617 4782
613 3269399 4881
614 3274280 7360
615 3281640 2086
616 3283726 6251
617 3289977 12427
618 3302404 5939
619 3308343 5308
620 3313651 2285
621 3315936 7451
622 3323387 2303
623 3325690 3218
624 3328908 2526
625 3331434 2791
626 3334225 17575
627 3351800 4141
628 3355941 5298
629 3361239 2405
630 3363644 2387
631 3366031 6512
632 3372543 7266
633 3379809 4699
634 3384508 3684
635 3388192 1922
636 3390114 4108
637 3394222 4550
638 3398772 2748
639 3401520 4428
640 3405948 5210
641 3411158 2213
642 3413371 22519
643 3435890 22296
644 3458186 4018
645 3462204 3746
646 3465950 4160
647 3470110 2819
648 3472929 2505
649 3475434 17065
650 3492499 5115
651 3497614 3374
652 3500988 2224
653 3503212 1634
654 3504846 2581
655 3507427 3579
656 3511006 14628
657 3525634 3867
658 3529501 12990
659 3542491 4659
660 3547150 3477
661 3550627 2164
662 3552791 5357
663 3558148 1995
664 3560143 2521
665 3562664 3125
666 3565789 15002
667 3580791 3778
668 3584569 4662
669 3589231 3593
670 3592824 2534
671 3595358 2832
672 3598190 4711
673 3602901 8314
674 3611215 6763
675 3617978 9475
676 3627453 3601
677 3631054 3824
678 3634878 3987
679 3638865 2299
680 3641164 7750
681 3648914 21642
682 3670556 9838
683 3680394 7087
684 3687481 5225
685 3692706 5234
686 3697940 6085
687 3704025 5959
688 3709984 6031
689 3716015 3619
690 3719634 4394
691 3724028 4794
692 3728822 4741
693 3733563 5076
694 3738639 4805
695 3743444 2529
696 3745973 2331
697 3748304 4730
698 3753034 21947
699 3774981 1486
700 3776467 3344
701 3779811 3695
702 3783506 6361
703 3789867 1492
704 3791359 2689
705 3794048 2098
706 3796146 3113
707 3799259 1607
708 3800866 8519
709 3809385 3508
710 3812893 3395
711 3816288 1370
712 3817658 7920
713 3825578 8204
714 3833782 8641
715 3842423 5690
716 3848113 7423
717 3855536 7062
718 3862598 5495
719 3868093 1799
720 3869892 6428
721 3876320 9022
722 3885342 3868
723 3889210 4597
724 3893807 2731
725 3896538 2395
726 3898933 3859
727 3902792 4813
728 3907605 4266
729 3911871 3251
730 3915122 7056
731 3922178 8579
732 3930757 8492
733 3939249 2800
734 3942049 619
735 3942668 4193
736 3946861 8139
737 3955000 8340
738 3963340 5411
739 3968751 2404
740 3971155 7601
741 3978756 6639
742 3985395 3447
743 3988842 2902
744 3991744 1062
745 3992806 3056
746 3995862 10591
747 4006453 7566
748 4014019 7619
749 4021638 1031
750 4022669 2965
751 4025634 1796
752 4027430 8030
753 4035460 6944
754 4042404 4058
755 4046462 1022
756 4047484 9582
757 4057066 9633
758 4066699 2708
759 4069407 3796
760 4073203 5693
761 4078896 14785
762 4093681 3047
763 4096728 4458
764 4101186 7894
765 4109080 6501
766 4115581 2509
767 4118090 3868
768 4121958 3803
769 4125761 1849
770 4127610 3388
771 4130998 5056
772 4136054 2230
773 4138284 1096
774 4139380 1353
775 4140733 3997
776 4144730 968
777 4145698 3488
778 4149186 3302
779 4152488 3677
780 4156165 3278
781 4159443 2466
782 4161909 976
783 4162885 1251
784 4164136 8068
785 4172204 7014
786 4179218 4485
787 4183703 7299
788 4191002 997
789 4191999 3331
790 4195330 9072
791 4204402 2149
792 4206551 6297
793 4212848 6288
794 4219136 1132
795 4220268 820
796 4221088 6766
797 4227854 3583
798 4231437 2682
799 4234119 1013
800 4235132 3232
801 4238364 3741
802 4242105 4230
803 4246335 3611
804 4249946 14611
805 4264557 3058
806 4267615 4826
807 4272441 4109
808 4276550 2627
809 4279177 2730
810 4281907 3576
811 4285483 3474
812 4288957 19801
813 4308758 4004
814 4312762 1258
815 4314020 4178
816 4318198 3680
817 4321878 5353
818 4327231 4325
819 4331556 3799
820 4335355 4365
821 4339720 3074
822 4342794 1694
823 4344488 4309
824 4348797 3741
825 4352538 3165
826 4355703 4002
827 4359705 4164
828 4363869 3548
829 4367417 3648
830 4371065 3810
831 4374875 4009
832 4378884 3476
833 4382360 4315
834 4386675 10510
835 4397185 3768
836 4400953 4724
837 4405677 3496
838 4409173 4014
839 4413187 4775
840 4417962 4178
841 4422140 3956
842 4426096 3483
843 4429579 2838
844 4432417 3095
845 4435512 3137
846 4438649 4066
847 4442715 3272
848 4445987 19361
849 4465348 4359
850 4469707 3412
851 4473119 1558
852 4474677 3458
853 4478135 3520
854 4481655 19546
855 4501201 4678
856 4505879 1515
857 4507394 3418
858 4510812 4841
859 4515653 4145
860 4519798 3347
861 4523145 1231
862 4524376 3458
863 4527834 5438
864 4533272 3780
865 4537052 5070
866 4542122 3164
867 4545286 3294
868 4548580 3643
869 4552223 3735
870 4555958 3485
871 4559443 2741
872 4562184 3237
873 4565421 3651
874 4569072 3200
875 4572272 3555
876 4575827 18944
877 4594771 4509
878 4599280 3780
879 4603060 3620
880 4606680 1599
881 4608279 4334
882 4612613 1243
883 4613856 937
884 4614793 2953
885 4617746 4076
886 4621822 3530
887 4625352 2853
888 4628205 3533
889 4631738 2617
890 4634355 1114
891 4635469 4227
892 4639696 19807
893 4659503 3832
894 4663335 4827
895 4668162 3334
896 4671496 4802
897 4676298 3320
898 4679618 3268
899 4682886 3652
900 4686538 5674
901 4692212 2558
902 4694770 8576
903 4703346 7411
904 4710757 2425
905 4713182 1469
906 4714651 1649
907 4716300 2682
908 4718982 2590
909 4721572 2261
910 4723833 3072
911 4726905 2078
912 4728983 2996
913 4731979 6964
914 4738943 6370
915 4745313 6870
916 4752183 6755
917 4758938 3953
918 4762891 8106
919 4770997 7795
920 4778792 3125
921 4781917 1808
922 4783725 2986
923 4786711 1624
924 4788335 3034
925 4791369 3445
926 4794814 1863
927 4796677 1536
928 4798213 4780
929 4802993 1753
930 4804746 1527
931 4806273 2473
932 4808746 3624
933 4812370 2072
934 4814442 1467
935 4815909 2820
936 4818729 7826
937 4826555 3341
938 4829896 3628
939 4833524 8883
940 4842407 3742
941 4846149 2833
942 4848982 2210
943 4851192 3576
944 4854768 3503
945 4858271 2073
946 4860344 1608
947 4861952 1802
948 4863754 6368
949 4870122 3207
950 4873329 2243
951 4875572 1868
952 4877440 3424
953 4880864 5500
954 4886364 2013
955 4888377 4158
956 4892535 2722
957 4895257 3765
958 4899022 1748
959 4900770 1545
960 4902315 1548
961 4903863 1626
962 4905489 3656
963 4909145 2741
964 4911886 3968
965 4915854 2387
966 4918241 2401
967 4920642 2595
968 4923237 2378
969 4925615 2540
970 4928155 23241
971 4951396 3214
972 4954610 3616
973 4958226 6324
974 4964550 3093
975 4967643 3301
976 4970944 3414
977 4974358 5241
978 4979599 1616
979 4981215 2593
980 4983808 3423
981 4987231 2454
982 4989685 1082
983 4990767 2365
984 4993132 5085
985 4998217 4229
986 5002446 3020
987 5005466 3779
988 5009245 2641
989 5011886 5422
990 5017308 2529
991 5019837 3785
992 5023622 1101
993 5024723 5268
994 5029991 1438
995 5031429 1216
996 5032645 2046
997 5034691 7445
998 5042136 3331
999 5045467 2539
1000 5048006 2820
1001 5050826 2709
1002 5053535 1253
1003 5054788 1109
1004 5055897 864
1005 5056761 984
1006 5057745 999
1007 5058744 2363
1008 5061107 1747
1009 5062854 1156
1010 5064010 906
1011 5064916 1137
1012 5066053 1361
1013 5067414 1002
1014 5068416 1953
1015 5070369 2629
1016 5072998 1279
1017 5074277 2746
1018 5077023 2822
1019 5079845 3003
1020 5082848 1066
1021 5083914 3619
1022 5087533 2549
1023 5090082 4300
1024 5094382 3336
1025 5097718 5887
1026 5103605 3305
1027 5106910 926
1028 5107836 2333
1029 5110169 4633
1030 5114802 2318
1031 5117120 800
1032 5117920 5811
1033 5123731 1240
1034 5124971 6021
1035 5130992 880
1036 5131872 1624
1037 5133496 879
1038 5134375 3280
1039 5137655 6423
1040 5144078 832
1041 5144910 3426
1042 5148336 4031
1043 5152367 1253
1044 5153620 1087
1045 5154707 1808
1046 5156515 1541
1047 5158056 2503
1048 5160559 2502
1049 5163061 1754
1050 5164815 1385
1051 5166200 2916
1052 5169116 2443
1053 5171559 1574
1054 5173133 1867
1055 5175000 1087
1056 5176087 957
1057 5177044 3370
1058 5180414 1964
1059 5182378 1935
1060 5184313 2230
1061 5186543 1960
1062 5188503 3130
1063 5191633 1800
1064 5193433 3203
1065 5196636 3807
1066 5200443 523
1067 5200966 1111
1068 5202077 816
1069 5202893 2574
1070 5205467 1063
1071 5206530 2286
1072 5208816 1868
1073 5210684 1430
1074 5212114 730
1075 5212844 1683
1076 5214527 2544
1077 5217071 1572
1078 5218643 2292
1079 5220935 2395
1080 5223330 2255
1081 5225585 1073
1082 5226658 2526
1083 5229184 1432
1084 5230616 4192
1085 5234808 2115
1086 5236923 1796
1087 5238719 2255
1088 5240974 4219
1089 5245193 543
1090 5245736 836
1091 5246572 2570
1092 5249142 4245
1093 5253387 3564
1094 5256951 910
1095 5257861 4086
1096 5261947 3520
1097 5265467 1227
1098 5266694 2401
1099 5269095 2660
1100 5271755 478
1101 5272233 3169
1102 5275402 2117
1103 5277519 10200
1104 5287719 1133
1105 5288852 1349
1106 5290201 5176
1107 5295377 2539
1108 5297916 6661
1109 5304577 7832
1110 5312409 1424
1111 5313833 1778
1112 5315611 2252
1113 5317863 3414
1114 5321277 1892
1115 5323169 2108
1116 5325277 6051
1117 5331328 2082
1118 5333410 1463
1119 5334873 1113
1120 5335986 3184
1121 5339170 6315
1122 5345485 1966
1123 5347451 2398
1124 5349849 2615
1125 5352464 2619
1126 5355083 3609
1127 5358692 1383
1128 5360075 8502
1129 5368577 3916
1130 5372493 1462
1131 5373955 10416
1132 5384371 4106
1133 5388477 7191
1134 5395668 10018
1135 5405686 3366
1136 5409052 6502
1137 5415554 4379
1138 5419933 4668
1139 5424601 3000
1140 5427601 1315
1141 5428916 3074
1142 5431990 1963
1143 5433953 1676
1144 5435629 1722
1145 5437351 3354
1146 5440705 2071
1147 5442776 2136
1148 5444912 990
1149 5445902 1900
1150 5447802 3964
1151 5451766 2199
1152 5453965 5399
1153 5459364 1751
1154 5461115 1897
1155 5463012 2551
1156 5465563 2201
1157 5467764 2386
1158 5470150 2193
1159 5472343 1800
1160 5474143 2390
1161 5476533 6019
1162 5482552 4961
1163 5487513 1623
1164 5489136 13682
1165 5502818 5379
1166 5508197 983
1167 5509180 14512
1168 5523692 1861
1169 5525553 1594
1170 5527147 1078
1171 5528225 1488
1172 5529713 1765
1173 5531478 6085
1174 5537563 2989
1175 5540552 3085
1176 5543637 2393
1177 5546030 1961
1178 5547991 2851
1179 5550842 5410
1180 5556252 15387
1181 5571639 7246
1182 5578885 3362
1183 5582247 3241
1184 5585488 2547
1185 5588035 2955
1186 5590990 1349
1187 5592339 2304
1188 5594643 5280
1189 5599923 1618
1190 5601541 1303
1191 5602844 1711
1192 5604555 1991
1193 5606546 2071
1194 5608617 2610
1195 5611227 2035
1196 5613262 1502
1197 5614764 1496
1198 5616260 1401
1199 5617661 2497
1200 5620158 4329
1201 5624487 5473
1202 5629960 3029
1203 5632989 2755
1204 5635744 3754
1205 5639498 2136
1206 5641634 4020
1207 5645654 13151
1208 5658805 2527
1209 5661332 1931
1210 5663263 3635
1211 5666898 3878
1212 5670776 3888
1213 5674664 1909
1214 5676573 5451
1215 5682024 6889
1216 5688913 2521
1217 5691434 4595
1218 5696029 6989
1219 5703018 1516
1220 5704534 2467
1221 5707001 2674
1222 5709675 809
1223 5710484 5374
1224 5715858 282
1225 5716140 851
1226 5716991 3590
1227 5720581 5885
1228 5726466 1251
1229 5727717 1398
1230 5729115 3700
1231 5732815 4596
1232 5737411 2400
1233 5739811 2216
1234 5742027 3790
1235 5745817 4044
1236 5749861 918
1237 5750779 2951
1238 5753730 1153
1239 5754883 1797
1240 5756680 2016
1241 5758696 3140
1242 5761836 7157
1243 5768993 8626
1244 5777619 3980
1245 5781599 4011
1246 5785610 4641
1247 5790251 3911
1248 5794162 4644
1249 5798806 1159
1250 5799965 4218
1251 5804183 2722
1252 5806905 1718
1253 5808623 1080
1254 5809703 4054
1255 5813757 3890
1256 5817647 2904
1257 5820551 1292
1258 5821843 3180
1259 5825023 7705
1260 5832728 19088
1261 5851816 2211
1262 5854027 3799
1263 5857826 1649
1264 5859475 4267
1265 5863742 5135
1266 5868877 8868
1267 5877745 3158
1268 5880903 13385
1269 5894288 3759
1270 5898047 199
1271 5898246 6389
1272 5904635 8725
1273 5913360 5782
1274 5919142 2181
1275 5921323 4989
1276 5926312 1216
1277 5927528 3878
1278 5931406 6379
1279 5937785 1667
1280 5939452 3454
1281 5942906 2820
1282 5945726 6295
1283 5952021 5410
1284 5957431 1803
1285 5959234 6769
1286 5966003 3676
1287 5969679 10449
1288 5980128 6995
1289 5987123 4577
1290 5991700 3539
1291 5995239 6467
1292 6001706 9653
1293 6011359 1607
1294 6012966 2760
1295 6015726 2403
1296 6018129 4574
1297 6022703 8728
1298 6031431 1600
1299 6033031 4824
1300 6037855 5003
1301 6042858 6548
1302 6049406 4719
1303 6054125 4231
1304 6058356 3611
1305 6061967 3058
1306 6065025 4109
1307 6069134 8653
1308 6077787 4044
1309 6081831 7540
1310 6089371 38444
1311 6127815 5448
1312 6133263 17880
1313 6151143 5299
1314 6156442 2777
1315 6159219 10549
1316 6169768 3791
1317 6173559 4736
1318 6178295 5416
1319 6183711 4834
1320 6188545 5254
1321 6193799 6734
1322 6200533 6493
1323 6207026 4687
1324 6211713 4158
1325 6215871 8961
1326 6224832 8413
1327 6233245 5491
1328 6238736 4280
1329 6243016 7452
1330 6250468 7913
1331 6258381 5656
1332 6264037 5366
1333 6269403 4473
1334 6273876 4968
1335 6278844 4326
1336 6283170 4366
1337 6287536 5354
1338 6292890 1265
1339 6294155 4017
1340 6298172 19880
1341 6318052 3717
1342 6321769 6341
1343 6328110 4680
1344 6332790 2810
1345 6335600 3483
1346 6339083 3916
1347 6342999 3464
1348 6346463 4279
1349 6350742 11924
1350 6362666 4252
1351 6366918 8227
1352 6375145 7871
1353 6383016 8011
1354 6391027 7318
1355 6398345 1637
1356 6399982 5260
1357 6405242 16457
1358 6421699 4611
1359 6426310 9457
1360 6435767 5317
1361 6441084 4193
1362 6445277 4788
1363 6450065 4027
1364 6454092 10511
1365 6464603 5557
1366 6470160 4109
1367 6474269 3159
1368 6477428 3748
1369 6481176 3923
1370 6485099 3315
1371 6488414 3426
1372 6491840 18439
1373 6510279 4792
1374 6515071 5372
1375 6520443 3407
1376 6523850 11473
1377 6535323 7885
1378 6543208 19547
1379 6562755 5451
1380 6568206 1238
1381 6569444 2135
1382 6571579 2855
1383 6574434 3668
1384 6578102 19362
1385 6597464 19785
1386 6617249 4360
1387 6621609 4306
1388 6625915 3530
1389 6629445 12573
1390 6642018 6793
1391 6648811 25795
1392 6674606 11236
1393 6685842 7103
1394 6692945 1559
1395 6694504 5956
1396 6700460 6360
1397 6706820 23599
1398 6730419 1575
1399 6731994 2818
1400 6734812 1623
1401 6736435 220
1402 6736655 2820
1403 6739475 947
1404 6740422 1124
1405 6741546 15559
1406 6757105 6432
1407 6763537 13963
1408 6777500 736
1409 6778236 2769
1410 6781005 2051
1411 6783056 2608
1412 6785664 2784
1413 6788448 1777
1414 6790225 20051
1415 6810276 9038
1416 6819314 3571
1417 6822885 3553
1418 6826438 3394
1419 6829832 2102
1420 6831934 3361
1421 6835295 429
1422 6835724 2546
1423 6838270 2908
1424 6841178 13929
1425 6855107 1806
1426 6856913 4107
1427 6861020 2759
1428 6863779 2968
1429 6866747 928
1430 6867675 687
1431 6868362 20149
1432 6888511 3845
1433 6892356 229
1434 6892585 28635
1435 6921220 4213
1436 6925433 7388
1437 6932821 9330
1438 6942151 30299
1439 6972450 19682
1440 6992132 937
1441 6993069 615
1442 6993684 2311
1443 6995995 1613
1444 6997608 4964
1445 7002572 3314
1446 7005886 4047
1447 7009933 2499
1448 7012432 4590
1449 7017022 1143
1450 7018165 2002
1451 7020167 668
1452 7020835 420
1453 7021255 9918
1454 7031173 2299
1455 7033472 852
1456 7034324 30451
1457 7064775 3541
1458 7068316 930
1459 7069246 2584
1460 7071830 3122
1461 7074952 329
1462 7075281 7207
1463 7082488 19030
1464 7101518 5701
1465 7107219 1301
1466 7108520 2178
1467 7110698 2346
1468 7113044 2607
1469 7115651 2549
1470 7118200 1243
1471 7119443 8998
1472 7128441 3646
1473 7132087 2144
1474 7134231 2357
1475 7136588 22094
1476 7158682 851
1477 7159533 394
1478 7159927 1150
1479 7161077 3843
1480 7164920 1134
1481 7166054 3537
1482 7169591 3249
1483 7172840 1564
1484 7174404 1333
1485 7175737 2003
1486 7177740 2156
1487 7179896 1282
1488 7181178 1312
1489 7182490 3894
1490 7186384 551
1491 7186935 6469
1492 7193404 2573
1493 7195977 3671
1494 7199648 819
1495 7200467 1270
1496 7201737 2416
1497 7204153 688
1498 7204841 787
1499 7205628 5016
1500 7210644 1978
1501 7212622 3125
1502 7215747 2460
1503 7218207 7796
1504 7226003 2673
1505 7228676 2024
1506 7230700 6227
1507 7236927 4255
1508 7241182 4375
1509 7245557 3844
1510 7249401 6897
1511 7256298 3614
1512 7259912 3294
1513 7263206 4634
1514 7267840 5276
1515 7273116 4453
1516 7277569 3429
1517 7280998 4131
1518 7285129 1149
1519 7286278 7957
1520 7294235 4581
1521 7298816 4399
1522 7303215 4384
1523 7307599 4096
1524 7311695 5574
1525 7317269 7808
1526 7325077 2356
1527 7327433 2137
1528 7329570 2960
1529 7332530 2954
1530 7335484 4624
1531 7340108 5439
1532 7345547 3178
1533 7348725 4098
1534 7352823 5464
1535 7358287 4692
1536 7362979 5128
1537 7368107 2500
1538 7370607 2738
1539 7373345 2978
1540 7376323 8272
1541 7384595 1238
1542 7385833 780
1543 7386613 213
1544 7386826 4158
1545 7390984 3354
1546 7394338 1554
1547 7395892 9959
1548 7405851 3078
1549 7408929 8765
1550 7417694 3943
1551 7421637 5255
1552 7426892 4942
1553 7431834 8594
1554 7440428 4807
1555 7445235 3930
1556 7449165 531
1557 7449696 4690
1558 7454386 4404
1559 7458790 3824
1560 7462614 5835
1561 7468449 7227
1562 7475676 6479
1563 7482155 2583
1564 7484738 3370
1565 7488108 977
1566 7489085 22921
1567 7512006 18591
1568 7530597 2593
1569 7533190 8487
1570 7541677 1656
1571 7543333 2404
1572 7545737 7146
1573 7552883 3349
1574 7556232 11018
1575 7567250 2885
1576 7570135 3521
1577 7573656 3232
1578 7576888 4846
1579 7581734 7275
1580 7589009 6913
1581 7595922 6202
1582 7602124 1084
1583 7603208 2795
1584 7606003 3456
1585 7609459 1056
1586 7610515 2441
1587 7612956 1563
1588 7614519 6354
1589 7620873 13635
1590 7634508 2107
1591 7636615 12963
1592 7649578 6480
1593 7656058 2888
1594 7658946 5042
1595 7663988 1973
1596 7665961 9055
1597 7675016 6574
1598 7681590 2490
1599 7684080 6432
1600 7690512 2702
1601 7693214 722
1602 7693936 5959
1603 7699895 3335
1604 7703230 8952
1605 7712182 4012
1606 7716194 2050
1607 7718244 3431
1608 7721675 7597
1609 7729272 2641
1610 7731913 2738
1611 7734651 9669
1612 7744320 19274
1613 7763594 3117
1614 7766711 2754
1615 7769465 5377
1616 7774842 2262
1617 7777104 4268
1618 7781372 6543
1619 7787915 971
1620 7788886 4890
1621 7793776 8217
1622 7801993 5356
1623 7807349 6687
1624 7814036 931
1625 7814967 3796
1626 7818763 2960
1627 7821723 3589
1628 7825312 2551
1629 7827863 3711
1630 7831574 4697
1631 7836271 9641
1632 7845912 9642
1633 7855554 11540
1634 7867094 2164
1635 7869258 4801
1636 7874059 3029
1637 7877088 1659
1638 7878747 5797
1639 7884544 2042
1640 7886586 1934
1641 7888520 8403
1642 7896923 8806
1643 7905729 2769
1644 7908498 4492
1645 7912990 3159
1646 7916149 1943
1647 7918092 10649
1648 7928741 6293
1649 7935034 4786
1650 7939820 5317
1651 7945137 1319
1652 7946456 1867
1653 7948323 3616
1654 7951939 207
1655 7952146 3715
1656 7955861 2532
1657 7958393 7693
1658 7966086 7016
1659 7973102 6499
1660 7979601 8807
1661 7988408 3164
1662 7991572 2824
1663 7994396 1857
1664 7996253 7074
1665 8003327 3425
1666 8006752 2664
1667 8009416 1164
1668 8010580 11632
1669 8022212 10854
1670 8033066 9915
1671 8042981 6946
1672 8049927 8908
1673 8058835 2282
1674 8061117 515
1675 8061632 2782
1676 8064414 618
1677 8065032 6386
1678 8071418 4313
1679 8075731 2335
1680 8078066 9200
1681 8087266 6534
1682 8093800 1575
1683 8095375 7427
1684 8102802 2746
1685 8105548 7697
1686 8113245 4488
1687 8117733 2953
1688 8120686 6323
1689 8127009 9267
1690 8136276 2987
1691 8139263 4399
1692 8143662 3911
1693 8147573 1729
1694 8149302 6531
1695 8155833 5488
1696 8161321 5247
1697 8166568 8043
1698 8174611 1851
1699 8176462 2833
1700 8179295 2686
1701 8181981 2754
1702 8184735 1926
1703 8186661 2445
1704 8189106 7171
1705 8196277 1563
1706 8197840 1148
1707 8198988 1148
1708 8200136 1146
1709 8201282 1148
1710 8202430 1148
1711 8203578 1148
1712 8204726 1148
1713 8205874 1148
1714 8207022 1148
1715 8208170 797
1716 8208967 1129
1717 8210096 8089
1718 8218185 5555
1719 8223740 1329
1720 8225069 2013
1721 8227082 4764
1722 8231846 6794
1723 8238640 8195
1724 8246835 3925
1725 8250760 5499
1726 8256259 1253
1727 8257512 8865
1728 8266377 6025
1729 8272402 2069
1730 8274471 4464
1731 8278935 1951
1732 8280886 9301
1733 8290187 2409
1734 8292596 1277
1735 8293873 2930
1736 8296803 2164
1737 8298967 3021
1738 8301988 923
1739 8302911 3777
1740 8306688 2603
1741 8309291 1521
1742 8310812 3416
1743 8314228 1663
1744 8315891 6381
1745 8322272 2475
1746 8324747 2162
1747 8326909 5081
1748 8331990 8577
1749 8340567 5199
1750 8345766 1085
1751 8346851 1297
1752 8348148 1460
1753 8349608 2475
1754 8352083 2371
1755 8354454 1829
1756 8356283 3512
1757 8359795 2429
1758 8362224 3936
1759 8366160 3764
1760 8369924 446
1761 8370370 13390
1762 8383760 9613
1763 8393373 2471
1764 8395844 2093
1765 8397937 2441
1766 8400378 2665
1767 8403043 6392
1768 8409435 8007
1769 8417442 5239
1770 8422681 5957
1771 8428638 4569
1772 8433207 2505
1773 8435712 2493
1774 8438205 7424
1775 8445629 8521
1776 8454150 5415
1777 8459565 623
1778 8460188 2804
1779 8462992 3255
1780 8466247 1132
1781 8467379 1787
1782 8469166 1930
1783 8471096 640
1784 8471736 487
1785 8472223 610
1786 8472833 2582
1787 8475415 2524
1788 8477939 1927
1789 8479866 5779
1790 8485645 2042
1791 8487687 3830
1792 8491517 8143
1793 8499660 4197
1794 8503857 2393
1795 8506250 1583
1796 8507833 3018
1797 8510851 1785
1798 8512636 8316
1799 8520952 1705
1800 8522657 9664
1801 8532321 2031
1802 8534352 1865
1803 8536217 2657
1804 8538874 3199
1805 8542073 9532
1806 8551605 3474
1807 8555079 8390
1808 8563469 2149
1809 8565618 1738
1810 8567356 1065
1811 8568421 1466
1812 8569887 1067
1813 8570954 1380
1814 8572334 5372
1815 8577706 5004
1816 8582710 2163
1817 8584873 1750
1818 8586623 4028
1819 8590651 2331
1820 8592982 2268
1821 8595250 7682
1822 8602932 1315
1823 8604247 1486
1824 8605733 4291
1825 8610024 1275
1826 8611299 1243
1827 8612542 1420
1828 8613962 1697
1829 8615659 5195
1830 8620854 2534
1831 8623388 1384
1832 8624772 3187
1833 8627959 10936
1834 8638895 3840
1835 8642735 9575
1836 8652310 3796
1837 8656106 1541
1838 8657647 2100
1839 8659747 7043
1840 8666790 1875
1841 8668665 7301
1842 8675966 3343
1843 8679309 1930
1844 8681239 12898
1845 8694137 5262
1846 8699399 4687
1847 8704086 1386
1848 8705472 2484
1849 8707956 2331
1850 8710287 2163
1851 8712450 3616
1852 8716066 1390
1853 8717456 11055
1854 8728511 1179
1855 8729690 681
1856 8730371 4769
1857 8735140 2050
1858 8737190 1304
1859 8738494 911
1860 8739405 7422
1861 8746827 3125
1862 8749952 1904
1863 8751856 2887
1864 8754743 980
1865 8755723 1330
1866 8757053 1365
1867 8758418 537
1868 8758955 3969
1869 8762924 4630
1870 8767554 4967
1871 8772521 3254
1872 8775775 2220
1873 8777995 869
1874 8778864 795
1875 8779659 1254
1876 8780913 5694
1877 8786607 1600
1878 8788207 777
1879 8788984 1694
1880 8790678 12988
1881 8803666 563
1882 8804229 1851
1883 8806080 2481
1884 8808561 2332
1885 8810893 2697
1886 8813590 1659
1887 8815249 631
1888 8815880 2170
1889 8818050 2206
1890 8820256 2210
1891 8822466 2333
1892 8824799 2145
1893 8826944 491
1894 8827435 2438
1895 8829873 1243
1896 8831116 3111
1897 8834227 1569
1898 8835796 716
1899 8836512 1054
1900 8837566 6593
1901 8844159 8171
1902 8852330 3667
1903 8855997 4990
1904 8860987 3464
1905 8864451 1882
1906 8866333 997
1907 8867330 1416
1908 8868746 1163
1909 8869909 2104
1910 8872013 1304
1911 8873317 1743
1912 8875060 1807
1913 8876867 2183
1914 8879050 1809
1915 8880859 7660
1916 8888519 18312
1917 8906831 3866
1918 8910697 4398
1919 8915095 3345
1920 8918440 3554
1921 8921994 10446
1922 8932440 4070
1923 8936510 1224
1924 8937734 887
1925 8938621 1499
1926 8940120 966
1927 8941086 1974
1928 8943060 4433
1929 8947493 1637
1930 8949130 6238
1931 8955368 7645
1932 8963013 1988
1933 8965001 4004
1934 8969005 2668
1935 8971673 4766
1936 8976439 8753
1937 8985192 4954
1938 8990146 7982
1939 8998128 4792
1940 9002920 10004
1941 9012924 2183
1942 9015107 1606
1943 9016713 2078
1944 9018791 1859
1945 9020650 2432
1946 9023082 2896
1947 9025978 2578
1948 9028556 13309
1949 9041865 2479
1950 9044344 2214
1951 9046558 2506
1952 9049064 3064
1953 9052128 1535
1954 9053663 10108
1955 9063771 9588
1956 9073359 4710
1957 9078069 7008
1958 9085077 3644
1959 9088721 3417
1960 9092138 2855
1961 9094993 5886
1962 9100879 3092
1963 9103971 5837
1964 9109808 4781
1965 9114589 13653
1966 9128242 3833
1967 9132075 2972
1968 9135047 1590
1969 9136637 8087
1970 9144724 5682
1971 9150406 12475
1972 9162881 3824
1973 9166705 2177
1974 9168882 5476
1975 9174358 5846
1976 9180204 7930
1977 9188134 10145
1978 9198279 3587
1979 9201866 3391
1980 9205257 2187
1981 9207444 309
1982 9207753 3786
1983 9211539 1997
1984 9213536 1468
1985 9215004 7381
1986 9222385 1029
1987 9223414 953
1988 9224367 1614
1989 9225981 3281
1990 9229262 1834
1991 9231096 4034
1992 9235130 2173
1993 9237303 4024
1994 9241327 1394
1995 9242721 4929
1996 9247650 2611
1997 9250261 1762
1998 9252023 1985
1999 9254008 1494
2000 9255502 5109
2001 9260611 9800
2002 9270411 1661
2003 9272072 750
2004 9272822 735
2005 9273557 2929
2006 9276486 1879
2007 9278365 2320
2008 9280685 3185
2009 9283870 2901
2010 9286771 2964
2011 9289735 3016
2012 9292751 2434
2013 9295185 2477
2014 9297662 2546
2015 9300208 862
2016 9301070 1604
2017 9302674 5838
2018 9308512 2574
2019 9311086 1296
2020 9312382 2053
2021 9314435 1588
2022 9316023 2900
2023 9318923 5811
2024 9324734 1191
2025 9325925 2830
2026 9328755 1840
2027 9330595 1233
2028 9331828 1117
2029 9332945 1774
2030 9334719 5988
2031 9340707 1810
2032 9342517 3436
2033 9345953 1591
2034 9347544 621
2035 9348165 2712
2036 9350877 895
2037 9351772 5763
2038 9357535 5213
2039 9362748 1609
2040 9364357 760
2041 9365117 789
2042 9365906 2493
2043 9368399 5808
2044 9374207 3741
2045 9377948 3711
2046 9381659 3669
2047 9385328 3764
2048 9389092 3818
2049 9392910 3846
2050 9396756 4050
2051 9400806 3867
2052 9404673 3792
2053 9408465 3816
2054 9412281 3834
2055 9416115 3753
2056 9419868 3792
2057 9423660 3810
2058 9427470 3800
2059 9431270 3847
2060 9435117 3692
2061 9438809 631
2062 9439440 5822
2063 9445262 693
2064 9445955 2813
2065 9448768 2864
2066 9451632 1089
2067 9452721 1272
2068 9453993 7589
2069 9461582 1481
2070 9463063 2305
2071 9465368 2099
2072 9467467 1466
2073 9468933 980
2074 9469913 1711
2075 9471624 2631
2076 9474255 1918
2077 9476173 17049
2078 9493222 1555
2079 9494777 4856
2080 9499633 2117
2081 9501750 2828
2082 9504578 6282
2083 9510860 542
2084 9511402 4042
2085 9515444 2044
2086 9517488 1221
2087 9518709 4661
2088 9523370 862
2089 9524232 2126
2090 9526358 1904
2091 9528262 4185
2092 9532447 4698
2093 9537145 9228
2094 9546373 4139
2095 9550512 2715
2096 9553227 853
2097 9554080 818
2098 9554898 905
2099 9555803 1049
2100 9556852 7407
2101 9564259 1300
2102 9565559 1078
2103 9566637 9080
2104 9575717 11249
2105 9586966 9230
2106 9596196 15992
2107 9612188 8720
2108 9620908 8412
2109 9629320 7329
2110 9636649 11280
2111 9647929 19507
2112 9667436 13557
2113 9680993 5485
2114 9686478 493
2115 9686971 827
2116 9687798 3197
2117 9690995 7343
2118 9698338 540
2119 9698878 1538
2120 9700416 3460
2121 9703876 2098
2122 9705974 9164
2123 9715138 8024
2124 9723162 8567
2125 9731729 4692
2126 9736421 2690
2127 9739111 4084
2128 9743195 5081
2129 9748276 7147
2130 9755423 3408
2131 9758831 2835
2132 9761666 674
2133 9762340 1053
2134 9763393 1641
2135 9765034 6679
2136 9771713 1349
2137 9773062 11446
2138 9784508 6349
2139 9790857 4434
2140 9795291 25807
2141 9821098 3751
2142 9824849 5144
2143 9829993 8407
2144 9838400 9774
2145 9848174 4634
2146 9852808 6374
2147 9859182 9600
2148 9868782 12848
2149 9881630 4693
2150 9886323 10955
2151 9897278 6275
2152 9903553 5112
2153 9908665 1758
2154 9910423 3817
2155 9914240 4768
2156 9919008 3711
2157 9922719 10719
2158 9933438 9909
2159 9943347 6851
2160 9950198 6112
2161 9956310 6590
2162 9962900 5808
2163 9968708 4101
2164 9972809 3910
2165 9976719 3506
2166 9980225 3845
2167 9984070 3335
2168 9987405 12279
2169 9999684 12846
2170 10012530 4232
2171 10016762 2864
2172 10019626 5575
2173 10025201 15909
2174 10041110 4296
2175 10045406 720
2176 10046126 1205
2177 10047331 4413
2178 10051744 4387
2179 10056131 2092
2180 10058223 13041
2181 10071264 6710
2182 10077974 8837
2183 10086811 7750
2184 10094561 10701
2185 10105262 217
2186 10105479 7008
2187 10112487 8951
2188 10121438 2345
2189 10123783 8167
2190 10131950 8299
2191 10140249 3900
2192 10144149 5760
2193 10149909 10271
2194 10160180 2550
2195 10162730 13747
2196 10176477 4690
2197 10181167 532
2198 10181699 1536
2199 10183235 3091
2200 10186326 1485
2201 10187811 3270
2202 10191081 1209
2203 10192290 1785
2204 10194075 4526
2205 10198601 1082
2206 10199683 4229
2207 10203912 1832
2208 10205744 2154
2209 10207898 218
2210 10208116 4964
2211 10213080 2590
2212 10215670 2608
2213 10218278 368
2214 10218646 1534
2215 10220180 1507
2216 10221687 2196
2217 10223883 1500
2218 10225383 1088
2219 10226471 2674
2220 10229145 1016
2221 10230161 336
2222 10230497 4584
2223 10235081 1291
2224 10236372 900
2225 10237272 3925
2226 10241197 1347
2227 10242544 3135
2228 10245679 2630
2229 10248309 543
2230 10248852 1296
2231 10250148 1245
2232 10251393 2505
2233 10253898 1204
2234 10255102 8150
2235 10263252 597
2236 10263849 1342
2237 10265191 7422
2238 10272613 3875
2239 10276488 3722
2240 10280210 3474
2241 10283684 7016
2242 10290700 4929
2243 10295629 1655
2244 10297284 1577
2245 10298861 2026
2246 10300887 1349
2247 10302236 513
2248 10302749 1362
2249 10304111 2304
2250 10306415 4499
2251 10310914 1545
2252 10312459 11565
2253 10324024 2060
2254 10326084 823
2255 10326907 925
2256 10327832 1066
2257 10328898 1831
2258 10330729 722
2259 10331451 11578
2260 10343029 1789
2261 10344818 2971
2262 10347789 3752
2263 10351541 956
2264 10352497 2216
2265 10354713 1235
2266 10355948 4769
2267 10360717 317
2268 10361034 7062
2269 10368096 1049
2270 10369145 1788
2271 10370933 2573
2272 10373506 1491
2273 10374997 1252
2274 10376249 6686
2275 10382935 3546
2276 10386481 1001
2277 10387482 3541
2278 10391023 1647
2279 10392670 3002
2280 10395672 1314
2281 10396986 503
2282 10397489 770
2283 10398259 4843
2284 10403102 1228
2285 10404330 6453
2286 10410783 2698
2287 10413481 450
2288 10413931 4249
2289 10418180 527
2290 10418707 1493
2291 10420200 2132
2292 10422332 2802
2293 10425134 3182
2294 10428316 1382
2295 10429698 1540
2296 10431238 1142
2297 10432380 1457
2298 10433837 2356
2299 10436193 597
2300 10436790 1594
2301 10438384 3088
2302 10441472 1123
2303 10442595 594
2304 10443189 1574
2305 10444763 1651
2306 10446414 1565
2307 10447979 8831
2308 10456810 7772
2309 10464582 4434
2310 10469016 2937
2311 10471953 608
2312 10472561 7696
2313 10480257 4060
2314 10484317 12471
2315 10496788 4893
2316 10501681 2540
2317 10504221 3916
2318 10508137 15866
2319 10524003 6308
2320 10530311 2637
2321 10532948 310
2322 10533258 2366
2323 10535624 3873
2324 10539497 2811
2325 10542308 13560
2326 10555868 7931
2327 10563799 1926
2328 10565725 2797
2329 10568522 1948
2330 10570470 1866
2331 10572336 3458
2332 10575794 2233
2333 10578027 3075
2334 10581102 2008
2335 10583110 1846
2336 10584956 2208
2337 10587164 2924
2338 10590088 2850
2339 10592938 1947
2340 10594885 2232
2341 10597117 2207
2342 10599324 1845
2343 10601169 2007
2344 10603176 2621
2345 10605797 3338
2346 10609135 2185
2347 10611320 1928
2348 10613248 1791
2349 10615039 2103
2350 10617142 4519
2351 10621661 3915
2352 10625576 3817
2353 10629393 3024
2354 10632417 2469
2355 10634886 2584
2356 10637470 2349
2357 10639819 2390
2358 10642209 4519
2359 10646728 325
2360 10647053 5882
2361 10652935 3915
2362 10656850 3817
2363 10660667 9953
2364 10670620 2807
2365 10673427 941
2366 10674368 4441
2367 10678809 7189
2368 10685998 310
2369 10686308 3216
2370 10689524 2689
2371 10692213 2396
2372 10694609 2615
2373 10697224 3586
2374 10700810 4371
2375 10705181 2628
2376 10707809 5009
2377 10712818 2767
2378 10715585 8227
2379 10723812 2770
2380 10726582 6287
2381 10732869 2464
2382 10735333 1237
2383 10736570 17834
2384 10754404 9891
2385 10764295 2978
2386 10767273 3261
2387 10770534 5905
2388 10776439 3500
2389 10779939 1959
2390 10781898 3097
2391 10784995 4512
2392 10789507 4393
2393 10793900 3737
2394 10797637 3009
2395 10800646 24557
2396 10825203 11314
2397 10836517 16306
2398 10852823 30715
2399 10883538 3797
2400 10887335 8489
2401 10895824 4226
2402 10900050 3221
2403 10903271 12859
2404 10916130 4570
2405 10920700 2373
2406 10923073 2429
2407 10925502 661
2408 10926163 1366
2409 10927529 10084
2410 10937613 21763
2411 10959376 873
2412 10960249 3515
2413 10963764 3836
2414 10967600 1424
2415 10969024 1069
2416 10970093 5743
2417 10975836 1214
2418 10977050 888
2419 10977938 10822
2420 10988760 1357
2421 10990117 17715
2422 11007832 9475
2423 11017307 2845
2424 11020152 3972
2425 11024124 1321
2426 11025445 4600
2427 11030045 5957
2428 11036002 1049
2429 11037051 819
2430 11037870 2303
2431 11040173 8149
2432 11048322 3256
2433 11051578 1831
2434 11053409 525
2435 11053934 1537
2436 11055471 2277
2437 11057748 3809
2438 11061557 5923
2439 11067480 1319
2440 11068799 3169
2441 11071968 1229
2442 11073197 1303
2443 11074500 1093
2444 11075593 5537
2445 11081130 919
2446 11082049 4365
2447 11086414 338
2448 11086752 8876
2449 11095628 3591
2450 11099219 1595
2451 11100814 1327
2452 11102141 6396
2453 11108537 4055
2454 11112592 1215
2455 11113807 2944
2456 11116751 2657
2457 11119408 1780
2458 11121188 4105
2459 11125293 12817
2460 11138110 1463
2461 11139573 4030
2462 11143603 3568
2463 11147171 1353
2464 11148524 1076
2465 11149600 3959
2466 11153559 6867
2467 11160426 12939
2468 11173365 1584
2469 11174949 1518
2470 11176467 1453
2471 11177920 2431
2472 11180351 2158
2473 11182509 1735
2474 11184244 1752
2475 11185996 1143
2476 11187139 1624
2477 11188763 793
2478 11189556 7021
2479 11196577 8128
2480 11204705 1465
2481 11206170 1071
2482 11207241 4667
2483 11211908 2410
2484 11214318 1153
2485 11215471 6434
2486 11221905 1770
2487 11223675 7551
2488 11231226 2165
2489 11233391 6376
2490 11239767 3991
2491 11243758 1379
2492 11245137 8331
2493 11253468 6892
2494 11260360 9527
2495 11269887 3640
2496 11273527 2223
2497 11275750 3377
2498 11279127 4726
2499 11283853 1679
2500 11285532 2146
2501 11287678 1008
2502 11288686 5445
2503 11294131 1977
2504 11296108 1507
2505 11297615 1862
2506 11299477 1176
2507 11300653 1183
2508 11301836 6964
2509 11308800 3762
2510 11312562 1028
2511 11313590 2478
2512 11316068 2237
2513 11318305 3228
2514 11321533 2593
2515 11324126 30048
2516 11354174 1102
2517 11355276 1752
2518 11357028 5103
2519 11362131 1256
2520 11363387 1656
2521 11365043 1737
2522 11366780 2416
2523 11369196 1684
2524 11370880 1588
2525 11372468 2645
2526 11375113 3216
2527 11378329 4670
2528 11382999 1790
2529 11384789 961
2530 11385750 1500
2531 11387250 2060
2532 11389310 1534
2533 11390844 1806
2534 11392650 1294
2535 11393944 1913
2536 11395857 1617
2537 11397474 866
2538 11398340 2724
2539 11401064 1881
2540 11402945 6161
2541 11409106 2729
2542 11411835 1410
2543 11413245 1212
2544 11414457 2694
2545 11417151 1463
2546 11418614 2323
2547 11420937 1474
2548 11422411 1346
2549 11423757 2198
2550 11425955 1527
2551 11427482 1722
2552 11429204 5190
2553 11434394 2594
2554 11436988 5616
2555 11442604 1682
2556 11444286 1292
2557 11445578 2971
2558 11448549 1609
2559 11450158 2797
2560 11452955 1301
2561 11454256 868
2562 11455124 1615
2563 11456739 4003
2564 11460742 3244
2565 11463986 2993
2566 11466979 3365
2567 11470344 2720
2568 11473064 1415
2569 11474479 1378
2570 11475857 892
2571 11476749 2173
2572 11478922 1635
2573 11480557 1098
2574 11481655 3332
2575 11484987 3209
2576 11488196 3774
2577 11491970 1756
2578 11493726 4880
2579 11498606 3872
2580 11502478 1775
2581 11504253 1793
2582 11506046 977
2583 11507023 1278
2584 11508301 993
2585 11509294 1164
2586 11510458 5088
2587 11515546 2289
2588 11517835 1863
2589 11519698 1137
2590 11520835 1300
2591 11522135 1246
2592 11523381 4191
2593 11527572 1514
2594 11529086 2697
2595 11531783 2149
2596 11533932 1107
2597 11535039 1842
2598 11536881 5007
2599 11541888 2346
2600 11544234 8083
2601 11552317 11547
2602 11563864 2045
2603 11565909 3605
2604 11569514 5167
2605 11574681 5332
2606 11580013 5160
2607 11585173 6338
2608 11591511 1031
2609 11592542 7196
2610 11599738 2941
2611 11602679 9529
2612 11612208 4217
2613 11616425 6422
2614 11622847 2883
2615 11625730 1580
2616 11627310 2919
2617 11630229 3399
2618 11633628 1770
2619 11635398 5552
2620 11640950 9058
2621 11650008 185
2622 11650193 2291
2623 11652484 8418
2624 11660902 6796
2625 11667698 6458
2626 11674156 3687
2627 11677843 3380
2628 11681223 2886
2629 11684109 3412
2630 11687521 468
2631 11687989 2166
2632 11690155 3924
2633 11694079 3613
2634 11697692 2908
2635 11700600 3577
2636 11704177 2694
2637 11706871 6559
2638 11713430 9420
2639 11722850 8431
2640 11731281 10524
2641 11741805 9686
2642 11751491 10273
2643 11761764 7955
2644 11769719 5466
2645 11775185 6241
2646 11781426 7490
2647 11788916 3548
2648 11792464 3987
2649 11796451 2356
2650 11798807 1543
2651 11800350 1660
2652 11802010 3149
2653 11805159 3511
2654 11808670 7597
2655 11816267 6339
2656 11822606 5934
2657 11828540 3570
2658 11832110 4591
2659 11836701 3481
2660 11840182 11601
2661 11851783 5149
2662 11856932 6638
2663 11863570 4803
2664 11868373 1068
2665 11869441 4164
2666 11873605 3655
2667 11877260 3440
2668 11880700 4309
2669 11885009 4902
2670 11889911 4555
2671 11894466 7983
2672 11902449 2243
2673 11904692 5535
2674 11910227 4375
2675 11914602 6529
2676 11921131 4787
2677 11925918 2165
2678 11928083 2141
2679 11930224 1491
2680 11931715 3311
2681 11935026 4593
2682 11939619 4132
2683 11943751 6233
2684 11949984 8575
2685 11958559 1851
2686 11960410 5778
2687 11966188 7272
2688 11973460 1271
2689 11974731 3418
2690 11978149 4105
2691 11982254 1606
2692 11983860 7292
2693 11991152 2752
2694 11993904 10137
2695 12004041 4290
2696 12008331 5802
2697 12014133 812
2698 12014945 3754
2699 12018699 1973
2700 12020672 2006
2701 12022678 3126
2702 12025804 6329
2703 12032133 981
2704 12033114 6650
2705 12039764 935
2706 12040699 1145
2707 12041844 798
2708 12042642 6322
2709 12048964 2854
2710 12051818 5088
2711 12056906 9079
2712 12065985 7364
2713 12073349 1823
2714 12075172 5500
2715 12080672 3598
2716 12084270 1507
2717 12085777 651
2718 12086428 3294
2719 12089722 9168
2720 12098890 2883
2721 12101773 2227
2722 12104000 5724
2723 12109724 1298
2724 12111022 4422
2725 12115444 702
2726 12116146 2551
2727 12118697 1536
2728 12120233 1133
2729 12121366 2527
2730 12123893 4371
2731 12128264 2936
2732 12131200 5441
2733 12136641 5875
2734 12142516 4474
2735 12146990 2765
2736 12149755 2071
2737 12151826 1067
2738 12152893 811
2739 12153704 2648
2740 12156352 5786
2741 12162138 951
2742 12163089 1793
2743 12164882 1720
2744 12166602 7482
2745 12174084 1210
2746 12175294 2236
2747 12177530 2441
2748 12179971 1403
2749 12181374 580
2750 12181954 5013
2751 12186967 6131
2752 12193098 11633
2753 12204731 1215
2754 12205946 2340
2755 12208286 1027
2756 12209313 1256
2757 12210569 2192
2758 12212761 2830
2759 12215591 5196
2760 12220787 2444
2761 12223231 3032
2762 12226263 20089
2763 12246352 2846
2764 12249198 1616
2765 12250814 2256
2766 12253070 1761
2767 12254831 1470
2768 12256301 7360
2769 12263661 4612
2770 12268273 12600
2771 12280873 2404
2772 12283277 1832
2773 12285109 1443
2774 12286552 3118
2775 12289670 1382
2776 12291052 3890
2777 12294942 1101
2778 12296043 1128
2779 12297171 1334
2780 12298505 2365
2781 12300870 1957
2782 12302827 2358
2783 12305185 3475
2784 12308660 209
2785 12308869 980
2786 12309849 7311
2787 12317160 5219
2788 12322379 6579
2789 12328958 4443
2790 12333401 3708
2791 12337109 2759
2792 12339868 30932
2793 12370800 3971
2794 12374771 5248
2795 12380019 2854
2796 12382873 1962
2797 12384835 4740
2798 12389575 1235
2799 12390810 2571
2800 12393381 767
2801 12394148 3235
2802 12397383 772
2803 12398155 6222
2804 12404377 6364
2805 12410741 5742
2806 12416483 10741
2807 12427224 3798
2808 12431022 1553
2809 12432575 2130
2810 12434705 9577
2811 12444282 4317
2812 12448599 6390
2813 12454989 3029
2814 12458018 6103
2815 12464121 6084
2816 12470205 1698
2817 12471903 6471
2818 12478374 3262
2819 12481636 6715
2820 12488351 9039
2821 12497390 1406
2822 12498796 2915
2823 12501711 1750
2824 12503461 3344
2825 12506805 5982
2826 12512787 6750
2827 12519537 6260
2828 12525797 6352
2829 12532149 9705
2830 12541854 9734
2831 12551588 1162
2832 12552750 713
2833 12553463 1152
2834 12554615 3802
2835 12558417 662
2836 12559079 5532
2837 12564611 1385
2838 12565996 2786
2839 12568782 2315
2840 12571097 5467
2841 12576564 12223
2842 12588787 2596
2843 12591383 25941
2844 12617324 3716
2845 12621040 4029
2846 12625069 12436
2847 12637505 4365
2848 12641870 3897
2849 12645767 14657
2850 12660424 12279
2851 12672703 3681
2852 12676384 1594
2853 12677978 9090
2854 12687068 1779
2855 12688847 712
2856 12689559 3225
2857 12692784 2844
2858 12695628 5801
2859 12701429 9624
2860 12711053 4049
2861 12715102 1104
2862 12716206 1767
2863 12717973 5494
2864 12723467 4603
2865 12728070 4543
2866 12732613 4400
2867 12737013 1858
2868 12738871 4376
2869 12743247 3669
2870 12746916 6158
2871 12753074 4197
2872 12757271 1111
2873 12758382 740
2874 12759122 8850
2875 12767972 3942
2876 12771914 6977
2877 12778891 1506
2878 12780397 2484
2879 12782881 1093
2880 12783974 1019
2881 12784993 1010
2882 12786003 5333
2883 12791336 10993
2884 12802329 753
2885 12803082 672
2886 12803754 4024
2887 12807778 10096
2888 12817874 1291
2889 12819165 3116
2890 12822281 804
2891 12823085 557
2892 12823642 627
2893 12824269 994
2894 12825263 726
2895 12825989 1759
2896 12827748 12269
2897 12840017 4333
2898 12844350 11198
2899 12855548 3617
2900 12859165 5322
2901 12864487 1316
2902 12865803 14608
2903 12880411 1108
2904 12881519 1317
2905 12882836 5247
2906 12888083 2514
2907 12890597 3083
2908 12893680 6886
2909 12900566 6182
2910 12906748 9216
2911 12915964 11613
2912 12927577 2085
2913 12929662 6514
2914 12936176 5793
2915 12941969 10018
2916 12951987 7720
2917 12959707 201
2918 12959908 237
2919 12960145 262
2920 12960407 189
2921 12960596 223
2922 12960819 201
2923 12961020 246
2924 12961266 5990
2925 12967256 1223
2926 12968479 4947
2927 12973426 9994
2928 12983420 5516
2929 12988936 3049
2930 12991985 1990
2931 12993975 1954
2932 12995929 2317
2933 12998246 1820
2934 13000066 1414
2935 13001480 1494
2936 13002974 1547
2937 13004521 1633
2938 13006154 3467
2939 13009621 2557
2940 13012178 15279
2941 13027457 3307
2942 13030764 7974
2943 13038738 3686
2944 13042424 3436
2945 13045860 6156
2946 13052016 2562
2947 13054578 3696
2948 13058274 2767
2949 13061041 9373
2950 13070414 1390
2951 13071804 187
2952 13071991 1938
2953 13073929 4983
2954 13078912 1408
2955 13080320 1704
2956 13082024 1836
2957 13083860 2870
2958 13086730 8169
2959 13094899 7526
2960 13102425 3497
2961 13105922 9751
2962 13115673 1639
2963 13117312 946
2964 13118258 1661
2965 13119919 4139
2966 13124058 3768
2967 13127826 1031
2968 13128857 15069
2969 13143926 4139
2970 13148065 6516
2971 13154581 3493
2972 13158074 3504
2973 13161578 1210
2974 13162788 4799
2975 13167587 756
2976 13168343 493
2977 13168836 7797
2978 13176633 2865
2979 13179498 3635
2980 13183133 2741
2981 13185874 1207
2982 13187081 987
2983 13188068 2133
2984 13190201 246
2985 13190447 201
2986 13190648 256
2987 13190904 11749
2988 13202653 5303
2989 13207956 5906
2990 13213862 1772
2991 13215634 966
2992 13216600 22545
2993 13239145 1495
2994 13240640 6627
2995 13247267 6420
2996 13253687 9572
2997 13263259 1624
2998 13264883 3776
2999 13268659 2094
3000 13270753 6366
3001 13277119 3588
3002 13280707 6871
3003 13287578 10193
3004 13297771 2189
3005 13299960 3686
3006 13303646 2347
3007 13305993 3719
3008 13309712 2952
3009 13312664 3785
3010 13316449 1633
3011 13318082 10150
3012 13328232 2155
3013 13330387 4998
3014 13335385 2431
3015 13337816 1525
3016 13339341 7969
3017 13347310 6806
3018 13354116 4458
3019 13358574 9629
3020 13368203 6424
3021 13374627 5749
3022 13380376 2889
3023 13383265 5688
3024 13388953 10452
3025 13399405 4327
3026 13403732 6177
3027 13409909 4651
3028 13414560 2288
3029 13416848 3443
3030 13420291 8918
3031 13429209 1819
3032 13431028 5754
3033 13436782 4061
3034 13440843 4066
3035 13444909 2624
3036 13447533 368
3037 13447901 1869
3038 13449770 7416
3039 13457186 4462
3040 13461648 2442
3041 13464090 1751
3042 13465841 3100
3043 13468941 3539
3044 13472480 2805
3045 13475285 5252
3046 13480537 1189
3047 13481726 1175
3048 13482901 3127
3049 13486028 7634
3050 13493662 7667
3051 13501329 1202
3052 13502531 6037
3053 13508568 1705
3054 13510273 2342
3055 13512615 4851
3056 13517466 1736
3057 13519202 3370
3058 13522572 1940
3059 13524512 1184
3060 13525696 2654
3061 13528350 683
3062 13529033 2813
3063 13531846 5223
3064 13537069 199
3065 13537268 1669
3066 13538937 2847
3067 13541784 4169
3068 13545953 1264
3069 13547217 1124
3070 13548341 1631
3071 13549972 1195
3072 13551167 1675
3073 13552842 831
3074 13553673 878
3075 13554551 3840
3076 13558391 843
3077 13559234 3127
3078 13562361 7858
3079 13570219 2560
3080 13572779 1519
3081 13574298 3174
3082 13577472 1171
3083 13578643 2712
3084 13581355 2364
3085 13583719 1359
3086 13585078 1042
3087 13586120 3685
3088 13589805 3085
3089 13592890 1471
3090 13594361 8336
3091 13602697 1470
3092 13604167 2069
3093 13606236 969
3094 13607205 1679
3095 13608884 1638
3096 13610522 927
3097 13611449 2440
3098 13613889 9659
3099 13623548 3972
3100 13627520 1307
3101 13628827 5529
3102 13634356 1252
3103 13635608 1968
3104 13637576 2676
3105 13640252 2432
3106 13642684 1228
3107 13643912 1151
3108 13645063 6832
3109 13651895 3181
3110 13655076 2608
3111 13657684 5256
3112 13662940 1929
3113 13664869 2584
3114 13667453 4789
3115 13672242 4742
3116 13676984 4501
3117 13681485 3096
3118 13684581 7709
3119 13692290 5827
3120 13698117 3543
3121 13701660 3358
3122 13705018 2380
3123 13707398 3509
3124 13710907 2189
3125 13713096 2054
3126 13715150 9203
3127 13724353 5424
3128 13729777 7522
3129 13737299 5450
3130 13742749 4874
3131 13747623 8276
3132 13755899 11961
3133 13767860 6347
3134 13774207 1448
3135 13775655 1873
3136 13777528 991
3137 13778519 5315
3138 13783834 2968
3139 13786802 686
3140 13787488 4206
3141 13791694 831
3142 13792525 3164
3143 13795689 749
3144 13796438 936
3145 13797374 4244
3146 13801618 3686
3147 13805304 1291
3148 13806595 1823
3149 13808418 1164
3150 13809582 1652
3151 13811234 894
3152 13812128 2514
3153 13814642 4400
3154 13819042 4698
3155 13823740 1126
3156 13824866 2258
3157 13827124 972
3158 13828096 1988
3159 13830084 909
3160 13830993 1209
3161 13832202 1499
3162 13833701 570
3163 13834271 3981
3164 13838252 1464
3165 13839716 4827
3166 13844543 2498
3167 13847041 2082
3168 13849123 2504
3169 13851627 2255
3170 13853882 3500
3171 13857382 1688
3172 13859070 1138
3173 13860208 2622
3174 13862830 2041
3175 13864871 1911
3176 13866782 4306
3177 13871088 14612
3178 13885700 2138
3179 13887838 6601
3180 13894439 13744
3181 13908183 9075
3182 13917258 3719
3183 13920977 4620
3184 13925597 3653
3185 13929250 5685
3186 13934935 1704
3187 13936639 9109
3188 13945748 4000
3189 13949748 1905
3190 13951653 9777
3191 13961430 6500
3192 13967930 2466
3193 13970396 4542
3194 13974938 7564
3195 13982502 2099
3196 13984601 3718
3197 13988319 4326
3198 13992645 1099
3199 13993744 2227
3200 13995971 1040
3201 13997011 1096
3202 13998107 6700
3203 14004807 2159
3204 14006966 1942
3205 14008908 6700
3206 14015608 6217
3207 14021825 3626
3208 14025451 635
3209 14026086 1829
3210 14027915 3091
3211 14031006 1268
3212 14032274 2299
3213 14034573 1117
3214 14035690 3490
3215 14039180 4122
3216 14043302 4308
3217 14047610 6298
3218 14053908 3765
3219 14057673 710
3220 14058383 4287
3221 14062670 4091
3222 14066761 547
3223 14067308 997
3224 14068305 1594
3225 14069899 3665
3226 14073564 3593
3227 14077157 4814
3228 14081971 2708
3229 14084679 2089
3230 14086768 3141
3231 14089909 812
3232 14090721 7192
3233 14097913 951
3234 14098864 3158
3235 14102022 2383
3236 14104405 2672
3237 14107077 3398
3238 14110475 2560
3239 14113035 4039
3240 14117074 2052
3241 14119126 1872
3242 14120998 4446
3243 14125444 1433
3244 14126877 4435
3245 14131312 3892
3246 14135204 5691
3247 14140895 6675
3248 14147570 4541
3249 14152111 1811
3250 14153922 1262
3251 14155184 2859
3252 14158043 6454
3253 14164497 2549
3254 14167046 3458
3255 14170504 2717
3256 14173221 2281
3257 14175502 10504
3258 14186006 762
3259 14186768 9126
3260 14195894 6824
3261 14202718 2215
3262 14204933 2531
3263 14207464 2401
3264 14209865 2368
3265 14212233 1345
3266 14213578 1134
3267 14214712 2956
3268 14217668 10170
3269 14227838 1287
3270 14229125 3979
3271 14233104 1135
3272 14234239 467
3273 14234706 10782
3274 14245488 1846
3275 14247334 3374
3276 14250708 3353
3277 14254061 3593
3278 14257654 9703
3279 14267357 2195
3280 14269552 1122
3281 14270674 791
3282 14271465 1053
3283 14272518 1843
3284 14274361 8508
3285 14282869 3466
3286 14286335 6350
3287 14292685 4825
3288 14297510 5621
3289 14303131 1717
3290 14304848 5371
3291 14310219 1702
3292 14311921 1709
3293 14313630 6795
3294 14320425 2795
3295 14323220 1507
3296 14324727 2077
3297 14326804 2585
3298 14329389 2588
3299 14331977 3785
3300 14335762 793
3301 14336555 1107
3302 14337662 2950
3303 14340612 4422
3304 14345034 9690
3305 14354724 2196
3306 14356920 3177
3307 14360097 2112
3308 14362209 2293
3309 14364502 27024
3310 14391526 1906
3311 14393432 1786
3312 14395218 5386
3313 14400604 5476
3314 14406080 2507
3315 14408587 3424
3316 14412011 4776
3317 14416787 3739
3318 14420526 3392
3319 14423918 15500
3320 14439418 4144
3321 14443562 3609
3322 14447171 10169
3323 14457340 1682
3324 14459022 1503
3325 14460525 5880
3326 14466405 10972
3327 14477377 5068
3328 14482445 3868
3329 14486313 2211
3330 14488524 1274
3331 14489798 668
3332 14490466 1546
3333 14492012 4665
3334 14496677 2747
3335 14499424 1967
3336 14501391 8783
3337 14510174 6287
3338 14516461 5195
3339 14521656 1988
3340 14523644 6490
3341 14530134 2984
3342 14533118 2954
3343 14536072 7526
3344 14543598 1712
3345 14545310 2132
3346 14547442 2607
3347 14550049 1708
3348 14551757 1604
3349 14553361 10933
3350 14564294 7630
3351 14571924 3372
3352 14575296 3053
3353 14578349 1915
3354 14580264 5590
3355 14585854 8183
3356 14594037 3223
3357 14597260 593
3358 14597853 3672
3359 14601525 5115
3360 14606640 6925
3361 14613565 925
3362 14614490 2379
3363 14616869 4384
3364 14621253 3568
3365 14624821 2921
3366 14627742 5642
3367 14633384 5092
3368 14638476 7370
3369 14645846 1140
3370 14646986 3955
3371 14650941 1357
3372 14652298 7363
3373 14659661 3309
3374 14662970 4398
3375 14667368 4868
3376 14672236 2361
3377 14674597 6077
3378 14680674 2295
3379 14682969 1724
3380 14684693 15316
3381 14700009 9301
3382 14709310 5409
3383 14714719 1375
3384 14716094 5712
3385 14721806 1409
3386 14723215 6580
3387 14729795 4649
3388 14734444 4625
3389 14739069 9784
3390 14748853 1741
3391 14750594 3493
3392 14754087 15542
3393 14769629 9613
3394 14779242 3925
3395 14783167 7912
3396 14791079 13699
3397 14804778 3795
3398 14808573 14071
3399 14822644 5415
3400 14828059 418
3401 14828477 435
3402 14828912 444
3403 14829356 495
3404 14829851 465
3405 14830316 473
3406 14830789 497
3407 14831286 533
3408 14831819 481
3409 14832300 511
3410 14832811 487
3411 14833298 479
3412 14833777 495
3413 14834272 463
3414 14834735 531
3415 14835266 3144
3416 14838410 5177
3417 14843587 5568
3418 14849155 4702
3419 14853857 5539
3420 14859396 1881
3421 14861277 3867
3422 14865144 6083
3423 14871227 2458
3424 14873685 4438
3425 14878123 975
3426 14879098 792
3427 14879890 4176
3428 14884066 2673
3429 14886739 2962
3430 14889701 1256
3431 14890957 1949
3432 14892906 2322
3433 14895228 2734
3434 14897962 2308
3435 14900270 1295
3436 14901565 4703
3437 14906268 4584
3438 14910852 3581
3439 14914433 3134
3440 14917567 4108
3441 14921675 4507
3442 14926182 2777
3443 14928959 3825
3444 14932784 2312
3445 14935096 1737
3446 14936833 2301
3447 14939134 20486
3448 14959620 3314
3449 14962934 4080
3450 14967014 1921
3451 14968935 8730
3452 14977665 2680
3453 14980345 5319
3454 14985664 5351
3455 14991015 3691
3456 14994706 4172
3457 14998878 5934
3458 15004812 3031
3459 15007843 5464
3460 15013307 1740
3461 15015047 2623
3462 15017670 5034
3463 15022704 4791
3464 15027495 3314
3465 15030809 5422
3466 15036231 5493
3467 15041724 4274
3468 15045998 2540
3469 15048538 4408
3470 15052946 7402
3471 15060348 187
3472 15060535 4727
3473 15065262 172
3474 15065434 904
3475 15066338 795
3476 15067133 2236
3477 15069369 1781
3478 15071150 933
3479 15072083 1841
3480 15073924 12139
3481 15086063 4437
3482 15090500 1883
3483 15092383 6890
3484 15099273 9978
3485 15109251 1118
3486 15110369 9947
3487 15120316 3382
3488 15123698 1404
3489 15125102 3518
3490 15128620 5368
3491 15133988 4662
3492 15138650 5543
3493 15144193 3458
3494 15147651 1737
3495 15149388 777
3496 15150165 2581
3497 15152746 3942
3498 15156688 3530
3499 15160218 5171
3500 15165389 5258
3501 15170647 1316
3502 15171963 9375
3503 15181338 3290
3504 15184628 596
3505 15185224 1549
3506 15186773 3315
3507 15190088 1883
3508 15191971 3278
3509 15195249 5114
3510 15200363 2127
3511 15202490 5833
3512 15208323 2303
3513 15210626 4218
3514 15214844 4919
3515 15219763 3760
3516 15223523 2434
3517 15225957 2059
3518 15228016 2529
3519 15230545 3455
3520 15234000 2481
3521 15236481 2536
3522 15239017 20231
3523 15259248 8416
3524 15267664 4389
3525 15272053 4493
3526 15276546 4162
3527 15280708 1540
3528 15282248 4504
3529 15286752 1370
3530 15288122 1188
3531 15289310 1486
3532 15290796 7428
3533 15298224 2198
3534 15300422 18045
3535 15318467 8898
3536 15327365 5695
3537 15333060 4043
3538 15337103 3580
3539 15340683 2072
3540 15342755 16380
3541 15359135 4479
3542 15363614 1172
3543 15364786 1946
3544 15366732 1372
3545 15368104 8171
3546 15376275 5191
3547 15381466 6863
3548 15388329 1936
3549 15390265 8224
3550 15398489 7581
3551 15406070 8525
3552 15414595 4997
3553 15419592 6764
3554 15426356 15111
3555 15441467 7537
3556 15449004 5101
3557 15454105 1377
3558 15455482 1572
3559 15457054 2160
3560 15459214 1354
3561 15460568 837
3562 15461405 6391
3563 15467796 2152
3564 15469948 8275
3565 15478223 4237
3566 15482460 1896
3567 15484356 5257
3568 15489613 5489
3569 15495102 9136
3570 15504238 4712
3571 15508950 9515
3572 15518465 3792
3573 15522257 1081
3574 15523338 1427
3575 15524765 1378
3576 15526143 9099
3577 15535242 316
3578 15535558 1748
3579 15537306 788
3580 15538094 1475
3581 15539569 12573
3582 15552142 8053
3583 15560195 4098
3584 15564293 5020
3585 15569313 4483
3586 15573796 8918
3587 15582714 2225
3588 15584939 5384
3589 15590323 2945
3590 15593268 3130
3591 15596398 1701
3592 15598099 8111
3593 15606210 3709
3594 15609919 14173
3595 15624092 3296
3596 15627388 3896
3597 15631284 4332
3598 15635616 11612
3599 15647228 937
3600 15648165 8017
3601 15656182 6285
3602 15662467 801
3603 15663268 5701
3604 15668969 15587
3605 15684556 929
3606 15685485 6084
3607 15691569 678
3608 15692247 5268
3609 15697515 8081
3610 15705596 1460
3611 15707056 4370
3612 15711426 720
3613 15712146 8932
3614 15721078 1373
3615 15722451 3762
3616 15726213 1645
3617 15727858 2707
3618 15730565 2688
3619 15733253 520
3620 15733773 4156
3621 15737929 6078
3622 15744007 1744
3623 15745751 3599
3624 15749350 2461
3625 15751811 6023
3626 15757834 5786
3627 15763620 7772
3628 15771392 4945
3629 15776337 913
3630 15777250 1279
3631 15778529 2039
3632 15780568 4071
3633 15784639 3500
3634 15788139 606
3635 15788745 4065
3636 15792810 2910
3637 15795720 2859
3638 15798579 3511
3639 15802090 5606
3640 15807696 4629
3641 15812325 5100
3642 15817425 2713
3643 15820138 9174
3644 15829312 9412
3645 15838724 5554
3646 15844278 2029
3647 15846307 7361
3648 15853668 1988
3649 15855656 3494
3650 15859150 3740
3651 15862890 2614
3652 15865504 8360
3653 15873864 1314
3654 15875178 1890
3655 15877068 3094
3656 15880162 4566
3657 15884728 2031
3658 15886759 1207
3659 15887966 1227
3660 15889193 5295
3661 15894488 2789
3662 15897277 4022
3663 15901299 1144
3664 15902443 2030
3665 15904473 2152
3666 15906625 1345
3667 15907970 2900
3668 15910870 1592
3669 15912462 7327
3670 15919789 5304
3671 15925093 745
3672 15925838 540
3673 15926378 869
3674 15927247 680
3675 15927927 541
3676 15928468 579
3677 15929047 1349
3678 15930396 3532
3679 15933928 3741
3680 15937669 520
3681 15938189 2093
3682 15940282 1346
3683 15941628 3404
3684 15945032 6258
3685 15951290 3276
3686 15954566 5332
3687 15959898 3018
3688 15962916 3819
3689 15966735 3298
3690 15970033 3047
3691 15973080 2097
3692 15975177 1931
3693 15977108 3206
3694 15980314 3779
3695 15984093 219
3696 15984312 1950
3697 15986262 2162
3698 15988424 3817
3699 15992241 3802
3700 15996043 3630
3701 15999673 11160
3702 16010833 10083
3703 16020916 2059
3704 16022975 3832
3705 16026807 3456
3706 16030263 4226
3707 16034489 1525
3708 16036014 1466
3709 16037480 2361
3710 16039841 1958
3711 16041799 3110
3712 16044909 2769
3713 16047678 1927
3714 16049605 2396
3715 16052001 3686
3716 16055687 2005
3717 16057692 3227
3718 16060919 2866
3719 16063785 7582
3720 16071367 409
3721 16071776 505
3722 16072281 11271
3723 16083552 4502
3724 16088054 3687
3725 16091741 9037
3726 16100778 3418
3727 16104196 2062
3728 16106258 2012
3729 16108270 7142
3730 16115412 6475
3731 16121887 3701
3732 16125588 2257
3733 16127845 14980
3734 16142825 6425
3735 16149250 1339
3736 16150589 1986
3737 16152575 2948
3738 16155523 2595
3739 16158118 2147
3740 16160265 1599
3741 16161864 751
3742 16162615 1401
3743 16164016 745
3744 16164761 397
3745 16165158 3998
3746 16169156 3935
3747 16173091 3073
3748 16176164 4175
3749 16180339 7618
3750 16187957 5448
3751 16193405 1354
3752 16194759 5337
3753 16200096 1183
3754 16201279 939
3755 16202218 1869
3756 16204087 2418
3757 16206505 5507
3758 16212012 2509
3759 16214521 8111
3760 16222632 2481
3761 16225113 926
3762 16226039 857
3763 16226896 1653
3764 16228549 2249
3765 16230798 7297
3766 16238095 1651
3767 16239746 4779
3768 16244525 2462
3769 16246987 3636
3770 16250623 2703
3771 16253326 6973
3772 16260299 2314
3773 16262613 3033
3774 16265646 4615
3775 16270261 2533
3776 16272794 2895
3777 16275689 1916
3778 16277605 1285
3779 16278890 4748
3780 16283638 1645
3781 16285283 1002
3782 16286285 1613
3783 16287898 1811
3784 16289709 4620
3785 16294329 1684
3786 16296013 2696
3787 16298709 9360
3788 16308069 1888
3789 16309957 2639
3790 16312596 9101
3791 16321697 3562
3792 16325259 6169
3793 16331428 3380
3794 16334808 2967
3795 16337775 7893
3796 16345668 1745
3797 16347413 2212
3798 16349625 1658
3799 16351283 974
3800 16352257 2399
3801 16354656 1678
3802 16356334 1780
3803 16358114 14910
3804 16373024 7398
3805 16380422 3154
3806 16383576 1686
3807 16385262 1422
3808 16386684 7699
3809 16394383 2003
3810 16396386 2125
3811 16398511 1795
3812 16400306 1697
3813 16402003 2088
3814 16404091 1168
3815 16405259 210
3816 16405469 172
3817 16405641 200
3818 16405841 172
3819 16406013 4110
3820 16410123 12674
3821 16422797 16856
3822 16439653 12219
3823 16451872 22492
3824 16474364 43486
3825 16517850 185
3826 16518035 15787
3827 16533822 28282
3828 16562104 12332
3829 16574436 226
3830 16574662 172
3831 16574834 3909
3832 16578743 166
3833 16578909 33598
3834 16612507 2393
3835 16614900 2276
3836 16617176 15051
3837 16632227 10944
3838 16643171 7815
3839 16650986 9428
3840 16660414 2476
3841 16662890 6067
3842 16668957 8342
3843 16677299 187
3844 16677486 14034
3845 16691520 13313
3846 16704833 28286
3847 16733119 175
3848 16733294 15768
3849 16749062 215
3850 16749277 13729
3851 16763006 216
3852 16763222 25069
3853 16788291 362
3854 16788653 187
3855 16788840 30123
3856 16818963 6919
3857 16825882 22041
3858 16847923 4192
3859 16852115 5564
3860 16857679 3455
3861 16861134 4298
3862 16865432 4080
3863 16869512 6573
3864 16876085 3809
3865 16879894 5535
3866 16885429 3428
3867 16888857 4508
3868 16893365 212
3869 16893577 2859
3870 16896436 16270
3871 16912706 4106
3872 16916812 12981
3873 16929793 16847
3874 16946640 12338
3875 16958978 22429
3876 16981407 63854
3877 17045261 216
3878 17045477 94236
3879 17139713 28302
3880 17168015 206
3881 17168221 14122
3882 17182343 13206
3883 17195549 28312
3884 17223861 221
3885 17224082 25074
3886 17249156 174
3887 17249330 30003
3888 17279333 28285
3889 17307618 174
3890 17307792 192
3891 17307984 185
3892 17308169 212
3893 17308381 3707
3894 17312088 10051
3895 17322139 16868
3896 17339007 12226
3897 17351233 17173
3898 17368406 42229
3899 17410635 217
3900 17410852 93885
3901 17504737 28282
3902 17533019 203
3903 17533222 309
3904 17533531 329
3905 17533860 186
3906 17534046 14062
3907 17548108 13345
3908 17561453 212
3909 17561665 282
3910 17561947 318
3911 17562265 1735
3912 17564000 174
3913 17564174 263
3914 17564437 28285
3915 17592722 194
3916 17592916 10179
3917 17603095 237
3918 17603332 55715
3919 17659047 10363
3920 17669410 5394
3921 17674804 8898
3922 17683702 7656
3923 17691358 6484
3924 17697842 183
3925 17698025 94258
3926 17792283 7093
3927 17799376 214
3928 17799590 196
3929 17799786 5507
3930 17805293 5372
3931 17810665 6902
3932 17817567 206
3933 17817773 6928
3934 17824701 188
3935 17824889 9678
3936 17834567 192
3937 17834759 11863
3938 17846622 6882
3939 17853504 5318
3940 17858822 6609
3941 17865431 3936
3942 17869367 6335
3943 17875702 5026
3944 17880728 6907
3945 17887635 4237
3946 17891872 8224
3947 17900096 5041
3948 17905137 4544
3949 17909681 17415
3950 17927096 200
3951 17927296 3177
3952 17930473 7987
3953 17938460 3784
3954 17942244 5443
3955 17947687 10489
3956 17958176 7488
3957 17965664 8424
3958 17974088 24892
3959 17998980 187
3960 17999167 15697
3961 18014864 6893
3962 18021757 194
3963 18021951 5534
3964 18027485 5233
3965 18032718 3520
3966 18036238 6925
3967 18043163 3513
3968 18046676 2974
3969 18049650 3619
3970 18053269 216
3971 18053485 10255
3972 18063740 15081
3973 18078821 172
3974 18078993 11908
3975 18090901 6918
3976 18097819 13927
3977 18111746 14232
3978 18125978 173
3979 18126151 5048
3980 18131199 211
3981 18131410 185
3982 18131595 191
3983 18131786 185
3984 18131971 3700
3985 18135671 5332
3986 18141003 10079
3987 18151082 7569
3988 18158651 8567
3989 18167218 16979
3990 18184197 186
3991 18184383 15705
3992 18200088 6881
3993 18206969 173
3994 18207142 5535
3995 18212677 188
3996 18212865 5552
3997 18218417 5262
3998 18223679 6909
3999 18230588 216
4000 18230804 9994
4001 18240798 184
4002 18240982 11852
4003 18252834 6874
4004 18259708 211
4005 18259919 185
4006 18260104 166
4007 18260270 185
4008 18260455 3817
4009 18264272 5326
4010 18269598 10059
4011 18279657 7524
4012 18287181 8415
4013 18295596 17217
4014 18312813 186
4015 18312999 15735
4016 18328734 6916
4017 18335650 209
4018 18335859 5651
4019 18341510 5326
4020 18346836 6918
4021 18353754 278
4022 18354032 9403
4023 18363435 173
4024 18363608 16396
4025 18380004 213
4026 18380217 6884
4027 18387101 166
4028 18387267 11848
4029 18399115 6895
4030 18406010 188
4031 18406198 206
4032 18406404 188
4033 18406592 200
4034 18406792 188
4035 18406980 182
4036 18407162 188
4037 18407350 185
4038 18407535 200
4039 18407735 194
4040 18407929 17398
4041 18425327 185
4042 18425512 15785
4043 18441297 215
4044 18441512 3406
4045 18444918 8081
4046 18452999 3658
4047 18456657 5463
4048 18462120 10066
4049 18472186 7571
4050 18479757 8449
4051 18488206 23806
4052 18512012 183
4053 18512195 5593
4054 18517788 5261
4055 18523049 6883
4056 18529932 7007
4057 18536939 215
4058 18537154 9201
4059 18546355 11928
4060 18558283 193
4061 18558476 187
4062 18558663 167
4063 18558830 11769
4064 18570599 6909
4065 18577508 194
4066 18577702 166
4067 18577868 185
4068 18578053 210
4069 18578263 3643
4070 18581906 5328
4071 18587234 10054
4072 18597288 7539
4073 18604827 8288
4074 18613115 17704
4075 18630819 179
4076 18630998 15774
4077 18646772 6874
4078 18653646 199
4079 18653845 5628
4080 18659473 5222
4081 18664695 6866
4082 18671561 225
4083 18671786 9300
4084 18681086 206
4085 18681292 8964
4086 18690256 173
4087 18690429 11794
4088 18702223 6877
4089 18709100 171
4090 18709271 3193
4091 18712464 192
4092 18712656 178
4093 18712834 160
4094 18712994 210
4095 18713204 3664
4096 18716868 5550
4097 18722418 10147
4098 18732565 7440
4099 18740005 8302
4100 18748307 17207
4101 18765514 6863
4102 18772377 185
4103 18772562 15773
4104 18788335 9217
4105 18797552 225
4106 18797777 205
4107 18797982 5610
4108 18803592 5270
4109 18808862 196
4110 18809058 187
4111 18809245 6874
4112 18816119 183
4113 18816302 16429
4114 18832731 213
4115 18832944 6871
4116 18839815 233
4117 18840048 9414
4118 18849462 187
4119 18849649 207
4120 18849856 11913
4121 18861769 6857
4122 18868626 5887
4123 18874513 6226
4124 18880739 3876
4125 18884615 7693
4126 18892308 4744
4127 18897052 4496
4128 18901548 3628
4129 18905176 7435
4130 18912611 5076
4131 18917687 5084
4132 18922771 17441
4133 18940212 212
4134 18940424 3426
4135 18943850 8044
4136 18951894 3847
4137 18955741 5702
4138 18961443 10054
4139 18971497 7588
4140 18979085 8353
4141 18987438 24703
4142 19012141 173
4143 19012314 15776
4144 19028090 190
4145 19028280 5913
4146 19034193 10639
4147 19044832 188
4148 19045020 7102
4149 19052122 193
4150 19052315 5652
4151 19057967 5277
4152 19063244 3671
4153 19066915 6913
4154 19073828 215
4155 19074043 9928
4156 19083971 173
4157 19084144 11935
4158 19096079 6919
4159 19102998 234
4160 19103232 160
4161 19103392 224
4162 19103616 160
4163 19103776 3599
4164 19107375 5585
4165 19112960 10090
4166 19123050 7627
4167 19130677 8349
4168 19139026 17578
4169 19156604 185
4170 19156789 15863
4171 19172652 6910
4172 19179562 191
4173 19179753 199
4174 19179952 5676
4175 19185628 5351
4176 19190979 6936
4177 19197915 252
4178 19198167 175
4179 19198342 178
4180 19198520 203
4181 19198723 9152
4182 19207875 173
4183 19208048 11911
4184 19219959 6944
4185 19226903 220
4186 19227123 227
4187 19227350 4254
4188 19231604 179
4189 19231783 15842
4190 19247625 160
4191 19247785 187
4192 19247972 167
4193 19248139 197
4194 19248336 6175
4195 19254511 5828
4196 19260339 10684
4197 19271023 210
4198 19271233 3553
4199 19274786 5517
4200 19280303 10095
4201 19290398 7557
4202 19297955 8314
4203 19306269 16876
4204 19323145 7197
4205 19330342 187
4206 19330529 5658
4207 19336187 5298
4208 19341485 7204
4209 19348689 244
4210 19348933 17250
4211 19366183 14992
4212 19381175 196
4213 19381371 3312
4214 19384683 237
4215 19384920 6585
4216 19391505 215
4217 19391720 10100
4218 19401820 173
4219 19401993 11993
4220 19413986 182
4221 19414168 7172
4222 19421340 184
4223 19421524 5718
4224 19427242 4323
4225 19431565 3302
4226 19434867 6037
4227 19440904 4819
4228 19445723 4317
4229 19450040 3945
4230 19453985 5470
4231 19459455 4748
4232 19464203 5737
4233 19469940 16915
4234 19486855 212
4235 19487067 8073
4236 19495140 2757
4237 19497897 3377
4238 19501274 5753
4239 19507027 10106
4240 19517133 7641
4241 19524774 8471
4242 19533245 22813
4243 19556058 186
4244 19556244 15799
4245 19572043 7201
4246 19579244 187
4247 19579431 5609
4248 19585040 5156
4249 19590196 7211
4250 19597407 236
4251 19597643 235
4252 19597878 10350
4253 19608228 192
4254 19608420 11813
4255 19620233 7148
4256 19627381 15257
4257 19642638 209
4258 19642847 212
4259 19643059 224
4260 19643283 218
4261 19643501 212
4262 19643713 2571
4263 19646284 4837
4264 19651121 9243
4265 19660364 6946
4266 19667310 7758
4267 19675068 16354
4268 19691422 192
4269 19691614 15691
4270 19707305 7164
4271 19714469 3072
4272 19717541 202
4273 19717743 5526
4274 19723269 5358
4275 19728627 7172
4276 19735799 202
4277 19736001 185
4278 19736186 263
4279 19736449 9587
4280 19746036 207
4281 19746243 57130
4282 19803373 7176
4283 19810549 198
4284 19810747 15847
4285 19826594 225
4286 19826819 5812
4287 19832631 7213
4288 19839844 181
4289 19840025 5078
4290 19845103 5039
4291 19850142 7214
4292 19857356 195
4293 19857551 13177
4294 19870728 232
4295 19870960 10387
4296 19881347 186
4297 19881533 3504
4298 19885037 7178
4299 19892215 190
4300 19892405 196
4301 19892601 184
4302 19892785 229
4303 19893014 3237
4304 19896251 6830
4305 19903081 3347
4306 19906428 4808
4307 19911236 5753
4308 19916989 7631
4309 19924620 7854
4310 19932474 5384
4311 19937858 7501
4312 19945359 4514
4313 19949873 3543
4314 19953416 4473
